1000.0 0.0779191396 -0.7 5.0 13.96423678 4 0 0 1 1e-14
1306 1292 657 562 69 0 16 16 34 31 31 4
0.861845176681 1125.56980075 460.377345748 381.624648961 121.263026916 0.0 0.0 3.85465490282 3.90979809307 91.2082819702 0.944815621031 61.3897848228 0.0488740540047 0.947872118741 0.000303216911352 0.000394320550298
0.879001741312 9.99979376535e-05 0.851001985751 9.99996216256e-05
[0.23933715900260705, -1.1073653399604373, 1.4418282954826771, 0.43189861107818028, -2.3507527967504793, 1.5520752311067703, 1.8422108619129201, -5.3729239627105461, 2.4571227617793374, 3.4609706223492513, -2.6594796609161073, 2.2226959028205422, -3.7430766822960799, 1.2142729685530302, -1.2515847234131567, 1.7529830891120655, 0.24453461343325003, 0.72895276382587326, -0.85087590583100337, -0.89357756150718615, 0.64075375292895842]
[0.73792797111596076, -3.0504796380166019, 3.3534280250510768, 1.6619922664471902, -2.87376457945745, -2.9325613027879802, -3.1760728073021882, 12.282016020165626, 5.8136956889575861, -17.111676843233187, 0.40642740248053455, -4.0201202622880032, 10.585043543095994, 3.1065457557643676, 2.0661100166604425, -5.6971714689250215, -3.6557577368756453, -2.7042033687941966, 4.3982778649888132, 3.5354638499948123, -2.725120397046112]
[-0.0057308317855257109, -0.0016991780310718085, -0.00014681921761654237, 0.0065142835949816742, 0.0012347943835313161, -0.0037312294118339276, -0.0074254443816712578, -0.0061804573275590028, -0.0026224222634583121, 0.00055838158884316752, -0.0031044679781880883, 0.0, 0.0017145053548954399, -0.0089765643721646093, -0.0030181477224452357, -0.0045126965113700497, -0.0086647667455181897, -0.0011622317376304941, 0.0020028500068196499, -0.0032072491890496706, -0.0025476703942162401, -0.0039720110324648833, -0.0065129637516067405, -0.0078839152650543656, -0.0063413110041392546, 0.0043179381812155091, 0.0010697995585378791, -0.0034926490727831554, -0.0090092731607106097, -0.0023327349561963764, 0.00020237301644897041, -0.012658650008963284, -0.00087691883488254946, -0.024599102266743583]
[1.0016155768460826, 0.99417073163572556, 0.99851016000743786, 0.99722435055979697, 0.9947747004755978, 1.0046570741966385, 1.0002348655973936, 0.99572759009361345, 0.99438457173605244, 1.0093881322778493, 0.99658278376779674, 1.0066287259575404, 0.99352604918427512, 0.98647459293561757, 0.98565726357177752, 1.0067992124370424, 1.0012080901394722, 0.9935687897928096, 0.98860185506673659, 0.9861875872150625, 1.0053070140811622, 1.001930265985008, 1.0081212243716109, 1.0001249775281116, 0.99063856073777323, 0.98333460272246642, 1.0123759633074254, 1.0048172678943768, 0.98867680087544429, 1.0017910011850202, 0.97851514944334661]
[1.0267005250464629, 0.98436704215666326, 1.0279694479497907, 1.0457330055659475, 1.0321117231064341, 1.0204305844795347, 1.0370611541367076, 1.0196933032070079, 1.0486707705131872, 1.0172348340025428, 1.035008848775359, 1.0447770721645524, 1.0246681799956223, 1.0303754643640695, 1.021169935758528, 1.0864452436596421, 0.95338585824015232, 1.109226576522903, 1.0243812052160068, 1.0889102175350727, 1.0021030030305917, 1.0034756776614571, 1.0233063676516578, 1.004272089087406, 1.002277718995539, 1.0199449389258448, 1.0071628211304697, 1.0316889680596368, 1.0205304534235695, 1.042898419047859, 1.0213874442610342]
[2.4853466689103382e-05, -4.2571145293639936e-05, -0.00039774658507028598, 0.00047628736227319293, 0.0022631950946825721, -0.0021214838699620577, -0.0054965362016511626, 0.0042129781791497602, 0.0048767599506873774, -0.0015863335176066139, 6.6253576379260527e-05, -0.0040250184541831746, -0.00074024535754875921, 0.00012894586757438375, 0.0029502967416789893, -6.7105423660482024e-05, -3.3969634565167556e-06, 9.2101602933731131e-05, -0.00013921010056855854, -0.00057334768841053917, 0.0013570456670048976, 0.0007643668553800032, -0.0035325903553027681, 0.00096171436131192137, 0.001915559340735536, -6.4510377586030412e-05, 0.00067643264906070474, -0.0025253748908511341, 0.00069812360360451721, -0.00061099703059387612, 0.0013452262789544285, -4.3749325393654523e-05]
[-4.257114514707365e-05, 0.00055105235677727592, 0.00022081323096013149, -0.0054296143819378244, 0.0018710889695953432, 0.019826896591484074, -0.014339844004783345, -0.025176102365255956, 0.021977901666108659, 0.0027898577619764123, 0.0079844549816802234, -0.0053427647546116066, -0.006236687726444437, -0.0037583293646227694, 0.0017716290823462581, 0.0014569547886526897, -5.1346117550684281e-05, -0.00023082459719648944, 0.0016986710572357586, -0.0012151745101162154, -0.0087272983326315383, 0.016492024792691254, 0.0055755390078750158, -0.033843747854006068, 0.020358602314004815, -9.2856297471737476e-05, 0.0085215892116259837, -0.0054592128470223244, -0.0038849173873854101, -0.0041051083065512042, 0.0013782848675353166, 0.0038569265487974026]
[-0.00039774658546525829, 0.00022081323245347036, 0.0086341398806144658, -0.0040769155505700899, -0.058607683465027052, 0.031589528283023152, 0.15943363815089037, -0.095813311182772143, -0.14857705216338923, 0.059467870625836021, -0.010710799042875252, 0.10541288601371381, 0.013404536613522483, -0.0036386503192600756, -0.073415351435805118, 0.0053753955552241373, 0.00024190155427145451, -0.0014214351825605695, -0.0016460895615414755, 0.017387432520601164, -0.0079114001146792824, -0.067775647239737682, 0.072910528740005892, 0.076154923724786092, -0.10960138976203636, 0.00254693887647727, -0.045898769765904207, 0.083997738182151283, -0.0072170324681141325, 0.030194699711238275, -0.040003047858618364, -0.010885741705276548]
[0.00047628736069897973, -0.0054296143758937876, -0.0040769155447663435, 0.062876526454822251, -0.012620736291607808, -0.26675669592917683, 0.1728195894166949, 0.41310410527868485, -0.34154844897833686, -0.12450444139956651, -0.043848858495082479, 0.067676174830921684, 0.14894263666040428, 0.029529338315028613, -0.04279674290911651, -0.038879480496774754, 0.00016523764414940573, 0.0034277536357681382, -0.014699373505042853, -0.003767998054536174, 0.095296129945217634, -0.10319393238206512, -0.13426843485735301, 0.27584016292759789, -0.086088175899604907, 0.00013283794971667619, -0.053283712307453768, -0.060779896384307142, 0.074042040025276312, 0.017520344172940547, 0.048953504551614048, -0.04758561763999871]
[0.0022631950994407147, 0.0018710889587096324, -0.058607683503090112, -0.012620736260972099, 0.45832892752293142, -0.075284240710548067, -1.43279875374253, 0.61865382402948532, 1.5479699280825334, -0.7175016123144734, 0.11522406469679337, -0.860170965380323, -0.060958528918856225, 0.067252257605981358, 0.57577580790713534, -0.0786304844257351, -0.0016591768045736582, 0.0059307786998281653, 0.025196866155287753, -0.11400290604340607, -0.040392271317504835, 0.5727295157534944, -0.37200020258224398, -0.81673194119099557, 0.86070814489592662, -0.017301695370772228, 0.37493251593611654, -0.51438658755399747, -0.045204941228611573, -0.22696668657518385, 0.22320800368809632, 0.13864953503401345]
[-0.0021214838657018838, 0.019826896536441208, 0.031589528370115361, -0.26675669565394533, -0.075284241417791442, 1.3433950545368174, -0.41395869590214962, -2.7065595638462869, 1.541748017218137, 1.6486755146239866, -0.45314004008495856, -0.072388970287990323, -1.178260400073134, 0.024508223677911289, 0.21134865943899717, 0.34149173763934415, 0.00075022601032180341, -0.015454410760995185, 0.036881569514798519, 0.08232134840316617, -0.33201524178530795, 0.035099837098135356, 0.7682030291996288, -0.54719521139572458, -0.27298592109213393, 0.0047663047598238148, 0.0029564645992942451, 0.6830838322805115, -0.35061492875442801, 0.060074062387540983, -0.41450662735416532, 0.15971376692447536]
[-0.0054965362198138978, -0.014339843948948272, 0.15943363831307472, 0.17281958907374673, -1.4327987540654472, -0.41395869667665952, 5.2018985051871542, -1.094768045660748, -6.8488943283752413, 2.9112431006464563, 0.48279313059344264, 2.2439440929456897, 0.34164822215030838, -0.70798406682894655, -1.6615224356096889, 0.32698955636805033, 0.0031490057204728002, -0.0050516973347036753, -0.088328075199554906, 0.24637183477473654, 0.33160021642697696, -1.5775208210036451, 0.48191199421359232, 2.6399272823096855, -2.1895603857535253, 0.038893009588992188, -1.017785531856914, 0.85086946173404387, 0.47258126042335258, 0.56201270031787531, -0.27318868575389543, -0.55697996016558615]
[0.0042129781821854829, -0.025176102198102512, -0.095813311769977649, 0.41310410436472811, 0.61865382846885353, -2.7065595632886263, -1.0947680549351038, 7.776541396305932, -1.4539660282096774, -8.1170772000366718, 3.3381571740528631, -0.11856858444260716, 3.2614489457400819, -0.35155809214171135, -0.59148692685680038, -1.0938772963581598, -0.0023656982033681499, 0.02065395768446332, -0.0068801321053418296, -0.21601268203418092, 0.28878465107862744, 0.69465108416437182, -1.3202129248631134, -0.52664940590656728, 1.5716134176493211, -0.0079876541618855487, 0.39289446603024902, -1.5481657142574363, 0.38318217638985563, -0.29944032912027407, 0.84462520758788029, -0.046064019519695965]
[0.0048767599687614075, 0.021977901540001898, -0.14857705216848383, -0.34154844802104978, 1.5479699272022711, 1.5417480155264576, -6.84889432552563, -1.4539660306514617, 12.658411385219459, -2.6046033803728643, -6.6300842489891814, 0.65056257278665186, -0.88586186879541662, 2.4620333214781294, 1.1397476713624872, -0.51801316415782561, -0.00078912521352150983, -0.004401971785055192, 0.078231120732998344, -0.12642128085335688, -0.4334225396980162, 1.1578995282053355, 0.16837923613638706, -2.2926764487833537, 1.347517830100657, -0.026558884638341992, 0.77413000326160653, 0.095087736288639688, -0.82095740963337516, -0.36858174219480655, -0.24579105058741993, 0.67090138546138867]
[-0.0015863335307578679, 0.0027898575419390559, 0.0594678716895507, -0.12450444039650307, -0.71750162073563883, 1.6486755168917371, 2.9112431210636025, -8.1170772134932516, -2.604603389360503, 14.707716604759366, -3.8795369966151734, -5.481545168417032, -0.57186516124347953, 0.044326024026523539, 2.1462285613015779, 0.65895672398002925, -0.00094672569166846777, 0.0057951490417725293, -0.028357981702821413, 0.028797563240160653, 0.18364130881348389, -0.48280678602641025, 0.00027328546072809902, 1.0567856138765117, -0.87079098866507554, -0.023783460442763735, -0.17327972494948507, 0.20256058601323915, 0.26084692913100327, 0.052777152384892084, -0.07572139462610708, -0.20838734797224512]
[6.6253592132864501e-05, 0.0079844550531038561, -0.010710799590839482, -0.043848858902934773, 0.11522406859194367, -0.45314003959177551, 0.48279312077900338, 3.3381571729048805, -6.6300842405927636, -3.8795369882483586, 15.280208146511255, -5.2429202878757195, -5.0656127771442012, -0.31197969457104163, 1.0969232316049622, 1.6302508094796571, 0.00070868716043822125, -0.010330452650626265, 0.042261245543313522, 0.0017750538988639958, -0.30011861320750366, 0.43371482678300932, 0.33958457639764683, -1.0972220668900408, 0.54295095914449365, 0.0056344925713483944, 0.21197973067711701, 0.079057103288173752, -0.28131492570518302, -0.075345509006417344, -0.10171903412435268, 0.2003455772714311]
[-0.0040250184669625138, -0.0053427645914723848, 0.10541288568762167, 0.067676173878070456, -0.86017096134209592, -0.072388971855183781, 2.2439440802004942, -0.1185685660481679, 0.65056257980901711, -5.4815451963758681, -5.2429202764141989, 17.193491790221952, -5.1587070070617713, -4.2213164285998532, -1.2494530318244026, 1.3008843324159203, 0.00093472179706262327, -0.0017027640132618472, -0.053746566332895443, 0.14725871682205921, 0.23096592132835855, -1.0324229150434598, 0.27831415120345421, 1.8086120184442369, -1.4851605195571023, 0.021814020441123131, -0.66577654245012474, 0.52505629332227921, 0.36665713798570165, 0.36063306817588486, -0.15734987588354007, -0.40237368829189935]
[-0.00074024536536742235, -0.0062366876810326377, 0.013404536618238538, 0.1489426364393942, -0.06095852892492637, -1.1782604002026333, 0.34164822421649399, 3.2614489461278811, -0.88586187749662759, -0.57186515573054209, -5.0656127685404577, -5.1587070161258142, 17.747349407803544, -4.5832875873254633, -2.9760958797402308, -4.2922284171331411, 0.0010232388436640844, -0.0047739098954335812, 0.0019531431961467421, 0.024731733699765425, -0.041478242551227514, 0.021600740724151968, 0.014320775287023618, -0.15825862980946706, 0.24231790325367872, 0.024352187826493371, -0.094300245199022442, -0.18333105871270619, 0.071397717873554284, 0.066427672337291188, 0.13175416407002455, -0.060429522944246084]
[0.00012894586663319641, -0.0037583294068906647, -0.0036386501298262229, 0.029529338524673307, 0.067252255880904555, 0.024508224441669224, -0.70798406218056653, -0.35155809763404633, 2.4620333203884082, 0.044326029418952917, -0.31197970125518559, -4.2213164230277513, -4.58328758817128, 16.284232610181274, -8.4783226243298806, 0.71793098846509418, -0.00019854244443494198, 0.004179198910008397, -0.019250926568824045, 0.0031417660008303087, 0.13002812417719473, -0.20029575326853447, -0.13489426644484256, 0.47783300499941206, -0.24224706020343151, 0.0027513447790777947, -0.11656155712324603, 0.022482773503238379, 0.071571522713692659, 0.05501461811428987, 0.014620116820502863, -0.061699335558278577]
[0.0029502967528379966, 0.0017716290226465203, -0.073415351489644939, -0.042796742437377133, 0.57577580772965209, 0.21134865868193997, -1.6615224346556612, -0.59148692882848475, 1.139747672155945, 2.1462285663920642, 1.0969232270816796, -1.2494530327820446, -2.9760958800246766, -8.4783226229280366, 14.693077428752007, 0.28469639786912282, -0.00094760266228745347, 0.0046188096018651148, 0.026890630657740923, -0.11071298642330867, -0.078599375991333986, 0.63167342660926151, -0.30678225935290104, -0.99781772341990116, 0.91640618323347278, -0.020668902432886296, 0.44028290073092441, -0.40379488909969596, -0.18632893240999554, -0.25306384439262875, 0.13935030446457972, 0.23967884538492995]
[-6.7105422981482443e-05, 0.0014569547763080698, 0.0053753955870416703, -0.038879480457599466, -0.078630484621349472, 0.34149173780321423, 0.32698955621835812, -1.0938772965257073, -0.51801316214642756, 0.6589567217094362, 1.6302508077277116, 1.3008843358423237, -4.2922284176334413, 0.71793098798776211, 0.28469639771148603, 1.2086519937213085, -0.00016165583708044405, 0.0010404429273365018, -0.0038781729277782492, 0.0043964113224497746, 0.021920867662870287, -0.075688528017639201, 0.029354851364772096, 0.15846995020061128, -0.17733466441240076, -0.0063544887850534304, -0.014513751949446832, 0.095792313230704113, 0.004962215455252772, 0.0031251284900132847, -0.054060423594437086, -0.010665202210476621]
[-3.3969634955197818e-06, -5.1346117981411769e-05, 0.00024190155501056771, 0.00016523765154150428, -0.001659176810316952, 0.0007502259609754472, 0.0031490057475330362, -0.0023656980539692139, -0.00078912528579508292, -0.0009467258980618414, 0.00070868723083950512, 0.00093472190724753817, 0.0010232388843737345, -0.00019854248303837174, -0.00094760268782001587, -0.00016165585094706576, 6.2681676605740651e-05, -0.00011716316799376938, -0.00081322328755882643, 0.0026469283057017389, 0.0018798131519824797, -0.013531554108078037, 0.0064347601571156897, 0.020109016996102347, -0.018304409320526037, 0.00011708415925591077, -0.0078804219382390163, 0.006478607727095206, 0.0054828033544556658, 0.0038410934824544421, -0.0020968974005582046, -0.0054141167356314551]
[9.210160263767127e-05, -0.00023082459665638242, -0.0014214351733442734, 0.0034277536207131115, 0.0059307786222088724, -0.015454410613556593, -0.0050516971101892509, 0.020653957117972466, -0.004401971860935292, 0.005795149793766538, -0.010330453017960053, -0.0017027640322846906, -0.0047739099606921229, 0.0041791989690612404, 0.0046188095099446297, 0.0010404429778798491, -0.0001171631676322323, 0.0013862400857902249, -0.0010643744795010243, -0.012635313100721189, 0.020435004317581999, 0.037256902026900969, -0.083322872134244316, -0.027550027524719165, 0.10459426853154109, 0.0049998909094403163, -0.0087170123213757729, -0.077744916687087967, 0.016358267574600759, 0.0030299709893921818, 0.046432932256789086, -0.0060026346044526205]
[-0.00013921009871426616, 0.0016986710668127174, -0.0016460896040910965, -0.014699373660859702, 0.02519686649207023, 0.036881570468060482, -0.088328076429159408, -0.0068801347698047577, 0.078231122768166322, -0.028357977839651993, 0.042261244603909356, -0.053746569399379315, 0.0019531422251716155, -0.019250925598624711, 0.026890631556821837, -0.0038781726635799922, -0.00081322328829614105, -0.0010643744690733148, 0.022312690130576726, -0.034509613663417038, -0.10608510141820537, 0.28456577390362636, 0.034469353483832413, -0.5465182634205723, 0.31532317371273477, -0.0023116257676549239, 0.1936335281344557, 0.061169499018369447, -0.2704623440917851, -0.067191439897055005, -0.079938118478389456, 0.20166590594030823]
[-0.00057334768777217676, -0.00121517454219916, 0.017387432470062355, -0.003767997433927528, -0.11400290558022769, 0.082321343744356401, 0.24637183402698276, -0.21601266660210694, -0.12642128421179474, 0.028797542001503307, 0.0017750614890661791, 0.14725872453749986, 0.02473173737841472, 0.0031417629208975078, -0.11071298735614721, 0.0043964097940388802, 0.0026469283016414187, -0.012635313118493752, -0.034509613514702636, 0.2328480285134614, -0.039856180392553828, -1.1654884949538398, 1.1808919773878332, 1.7073514029685299, -2.5851415248735656, -0.12476177977539378, 0.097071139414217189, 1.2665364892550761, 0.030091134976740763, -0.065758751514491856, -0.72188447724597182, -0.091041139649360683]
[0.0013570456527524028, -0.0087272983564942175, -0.0079113997454988427, 0.09529613021314276, -0.040392274291030927, -0.3320152423532241, 0.33160022595070249, 0.28878464970108575, -0.43342254929002177, 0.18364130895041852, -0.3001186168871593, 0.23096593345778343, -0.041478240296630817, 0.13002812081618348, -0.078599380853627387, 0.02192086772049906, 0.0018798131625415871, 0.020435004261212128, -0.10608510159754649, -0.039856179288522725, 0.79240092282176133, -0.59040622797490849, -1.8272396384958993, 1.9958822123260971, 1.0331044979189083, 0.079044267656923753, -1.3873453091035313, -3.175643620731174, 3.2545367168913901, 0.12115920999585356, 2.2033263484012227, -2.0725661500155201]
[0.00076436686166015278, 0.016492025005851976, -0.06777564720270883, -0.10319393636385055, 0.57272951511345527, 0.035099865810869435, -1.5775208230911426, 0.69465099167836897, 1.1578995532240199, -0.48280665678739254, 0.43371478863033275, -1.0324229734054939, 0.021600713555579576, -0.20029573166217318, 0.63167343722517844, -0.075688517900175389, -0.01353155409076094, 0.037256902148758986, 0.2845657731933674, -1.165488495449718, -0.59040622214057747, 7.0666794933336927, -4.9854986596403394, -12.385855525858394, 15.780726201301746, 1.2871701699860034, -3.3170867436285825, -2.4143570158889225, -3.6199220425989012, 2.4465916837336406, 1.4435915115723836, 1.9935756011057439]
[-0.0035325903130714489, 0.0055755388559170505, 0.072910527444793038, -0.13426843143687606, -0.37200019184079636, 0.76820300014034859, 0.48191196423187677, -1.320212820995053, 0.16837924263594692, 0.00027314669926070678, 0.33958462701287456, 0.27831417333107206, 0.014320798531818779, -0.13489427697904396, -0.30678225616857713, 0.029354839867735461, 0.0064347601016619162, -0.083322872043076701, 0.034469354800928498, 1.1808919738049988, -1.8272396438817526, -4.9854986382574502, 11.035425176447799, 5.7744730620072904, -20.722674860362066, -1.5524145668610612, 11.054366647453014, 14.022605367661912, -11.569347609936129, -1.914226955984156, -10.628116840065507, 7.7623992228432357]
[0.00096171434508796581, -0.03384374825113079, 0.076154923771581423, 0.27584017033435904, -0.81673194080356404, -0.54719526434154875, 2.6399272873127675, -0.52664923625795268, -2.2926764890038811, 1.0567853731918433, -1.0972220150183778, 1.8086121392748902, -0.15825856792871873, 0.47783296017217403, -0.9978177472483134, 0.15846992842948826, 0.020109016966134437, -0.027550027714461356, -0.54651826225956912, 1.7073514035337114, 1.9958822031736663, -12.385855524528012, 5.7744730942707685, 26.462762624582908, -31.035278343433184, -4.8198655419640586, 18.078077095595457, -11.273501078087568, 16.756293934184363, -13.625208220154763, 7.5914337346860927, -8.1560121863987121]
[0.0019155592668955715, 0.020358602877427884, -0.10960138721506928, -0.086088187563021279, 0.86070812310134492, -0.27298582906984903, -2.1895603263196435, 1.5716131021491861, 1.347517826922332, -0.87079055336329247, 0.54295085725433689, -1.4851606580124597, 0.24231779755781968, -0.24224700727287807, 0.91640620000791095, -0.17733462190186167, -0.0183044091883264, 0.10459426836817398, 0.31532317053298742, -2.5851415167602814, 1.0331045113954087, 15.780726151610622, -20.722674863689811, -31.035278267704843, 64.949830551740774, 7.9605934959477347, -58.647506244847591, 5.0713271399019568, 10.446334052236804, 14.007196341585061, 8.7845376710207663, -11.32483692390921]
[-6.4510391284312653e-05, -9.2856257779149257e-05, 0.002546939326755592, 0.00013283684975635979, -0.017301699231865975, 0.0047663147527676475, 0.038893020936966671, -0.0079876908808929059, -0.026558890053579552, -0.023783410219649692, 0.0056344816868242721, 0.021814009578128346, 0.024352171443464299, 0.0027513527449713375, -0.020668902242675397, -0.0063544827081397914, 0.00011708418263154633, 0.0049998908375241437, -0.0023116262482678063, -0.12476177777173535, 0.079044268639338028, 1.2871701586134883, -1.5524145595547796, -4.8198655243703694, 7.9605934776045313, 5.2686001328365952, -10.698192383863059, -4.4990405872359815, 0.58524386836448539, 20.435235985164955, -17.137703641196456, 4.4113992579859778]
[0.00067643277104860455, 0.0085215889271004486, -0.045898773375254512, -0.053283705331278242, 0.37493254654001129, 0.0029564028700052036, -1.0177856292404783, 0.39289469374413244, 0.7741300944224051, -0.17328004327714552, 0.21197974114858528, -0.66577646540374713, -0.094300131414045918, -0.11656158626908947, 0.44028289385721098, -0.014513796592247719, -0.0078804220860616021, -0.0087170117221155308, 0.1936335308586985, 0.097071125513809225, -1.3873453121553829, -3.3170866664117398, 11.0543665865343, 18.078076970581215, -58.647506085797104, -10.698192374423972, 112.64121715745475, -52.58385507111695, -32.662915933050122, -5.2229491967380675, 16.585932208086017, 12.32047583319663]
[-0.0025253748636769706, -0.0054592128118215455, 0.083997737408317869, -0.060779896287613155, -0.51438658196083864, 0.6830838267710202, 0.85086945280401238, -1.5481656886292789, 0.095087701185842283, 0.20256057207772216, 0.079057207064464979, 0.52505622838982768, -0.18333109912482137, 0.022482788261454084, -0.40379487129083103, 0.095792324143425311, 0.006478607687406962, -0.077744916665218877, 0.061169500077263628, 1.2665364871800007, -3.1756436257830001, -2.4143570031047688, 14.022605373159909, -11.273501094596069, 5.0713271287914381, -4.4990405978834573, -52.583855019208237, 118.14476783351394, -51.616318552795967, -36.208931644271757, 6.3000902148010614, 14.05926947718809]
[0.00069812351283128691, -0.0038849174455943547, -0.0072170300231389622, 0.07404203993040781, -0.045204961354198048, -0.35061491863892802, 0.47258132383230489, 0.38318212076664082, -0.82095746303508077, 0.26084699378765208, -0.28131496703106162, 0.36665720015543102, 0.071397707062219262, 0.07157149905406493, -0.18632894407280887, 0.0049622235783024493, 0.0054828034307968787, 0.016358267238166357, -0.27046234560681803, 0.030091142666272164, 3.25453671887202, -3.6199220863249124, -11.569347575033603, 16.75629400864943, 10.44633394861355, 0.58524386156090347, -32.662915896049, -51.616318545258402, 134.22469446787332, -48.799401783448694, -27.173142482425664, -2.8880737127834459]
[-0.00061099705257606075, -0.0041051082765616483, 0.030194700515351093, 0.017520342475345507, -0.22696669314845153, 0.060074079539878852, 0.56201271681597786, -0.29944039212371543, -0.36858173938058575, 0.052777233219742925, -0.075345542285673264, 0.36063305691264375, 0.06642764787446126, 0.055014639515976488, -0.2530638504039221, 0.0031251370687322474, 0.0038410935475952411, 0.0030299707425373579, -0.067191441018813303, -0.065758745595375867, 0.12115921028544012, 2.4465916521525495, -1.9142269265063698, -13.625208174759548, 14.007196277434158, 20.435235983416586, -5.2229492096163739, -36.208931594465099, -48.799401787313748, 133.1857812888268, -45.866070595732474, -28.490911040050861]
[0.0013452262582031361, 0.0013782849878150871, -0.040003047385419682, 0.048953502703035667, 0.22320800068252566, -0.41450661577395009, -0.2731886800550356, 0.84462517466227016, -0.24579104479881561, -0.075721355982956595, -0.10171906032474858, -0.15734988267085559, 0.13175418345173279, 0.014620104148357394, 0.13935030152687133, -0.054060426235085668, -0.0020968973819908889, 0.046432932195417886, -0.079938118711520012, -0.721884476442191, 2.2033263493557333, 1.4435915087254187, -10.628116842890725, 7.5914337359991464, 8.7845376831047197, -17.137703635811331, 16.585932182730755, 6.3000902088082746, -27.173142475007396, -45.866070570562286, 124.39140810121297, -54.93325595280249]
[-4.3749275749202596e-05, 0.0038569265321469481, -0.010885743027837402, -0.047585616785090323, 0.1386495452435863, 0.15971375759201822, -0.55697999012859434, -0.046063983703383826, 0.67090140933699993, -0.20838738786153499, 0.20034559472144936, -0.40237370652906224, -0.060429524089965436, -0.061699322522720347, 0.23967885252524113, -0.010665205288448609, -0.0054141167972981807, -0.0060026342890178996, 0.20166590682358931, -0.091041145716545147, -2.0725661489803833, 1.9935756326960892, 7.7623991898274003, -8.1560122358854219, -11.324836842591168, 4.4113992632316981, 12.32047580506387, 14.05926945526296, -2.8880737021831346, -28.490911040952657, -54.933255937327736, 126.735932404929]
[[0.94815488697822337, 0.051845113021776655, -0.0079220520357806672, 0.00042487734531318196, -8.0203778354773874e-06], [-1080.8965711555772, 1080.8965711555772, -161.9688606792723, 8.5156398263463551, -0.15752343593428733], [3062.5402849408088, -3062.5402849408088, 468.41177192460594, -25.127646174648081, 0.47409417959159306], [-2901.353954154456, 2901.353954154456, -451.75852077068026, 24.699875323350867, -0.47545764382361544], [918.76208548224611, -918.76208548224611, 145.32353157738234, -8.0882938523944539, 0.15889492054414514]]
2719 89.350334 2
[-1.0982032338622756, 1.4769174860169625, 0.3640286946010826, -2.828804693876416, 1.27901376963085, 2.9126342923333493, -3.291087366436818, 1.5064275459594334, -0.42783566010979085, -0.7096140065399018, 0.905378406676434, -0.9137596848940809, 0.8023156399542262, -0.512217820701548, 0.4471974075908638, -0.22756675663868264]
[-3.0377141069989544, 3.3415135200514703, 1.3493301609750168, -3.256068766983541, 0.6363594989026347, 1.5298004210105713, -0.1948553986279898, -2.6590655876082887, -1.9388063223529155, 1.9904746103152582, -0.1720501388892793, 2.6077650354431134, 0.38529772424674535, 1.0923077617894985, -0.5175275251748659, -0.6568333274741174]
[1, 2, 3, 4, 5, 6, 7, 8, 9, 10, 11, 12, 13, 14, 15, 16, 17, 18, 19, 20, 21, 22, 23, 24, 25, 26, 27, 28, 29, 30, 31]
[[3], [1, 3], [1, 4], [1, 5], [2, 4], [2, 5], [9], [7, 9], [6, 9], [8, 9], [13], [14], [11, 13], [10, 13], [10, 14], [10, 15], [12, 15], [18], [19], [16, 18], [16, 19], [16, 20], [17, 20], [25], [21, 25], [21, 26], [23, 26], [22, 26], [24, 26], [29, 30], [29], [27, 29], [27, 31], [28, 31]]
[[0, 0.18], [0, 0.315], [0, 0.45], [0, 0.585], [0, 0.72], [0, 0.855], [1, 0.18], [1, 0.315], [1, 0.45], [1, 0.585], [1, 0.72], [1, 0.855], [2, 0.18], [2, 0.315], [2, 0.45], [2, 0.585], [2, 0.72], [2, 0.855]]
[[1, 0.018], [2, 0.027], [3, 0.019], [4, 0.016], [5, 0.025], [6, 0.03], [7, 0.04], [8, 0.02], [9, 0.04], [10, 0.019], [11, 0.021], [12, 0.021], [13, 0.021], [14, 0.04], [15, 0.03], [16, 0.023], [17, 0.038], [18, 0.08], [19, 0.024], [20, 0.041], [21, 0.015], [22, 0.015], [23, 0.035], [24, 0.046], [25, 0.019], [26, 0.015], [27, 0.029], [28, 0.035], [29, 0.021], [30, 0.021], [31, 0.022]]
[1, 2, 3, 4, 5, 6, 7, 8, 9, 10, 11, 12, 13, 14]
