1000.0 0.0779191396 -0.7 5.0 13.96423678 4 0 0 1 1e-14
1306 1292 657 562 69 0 8 8 34 31 31 4
0.900813539469 1176.46248255 474.198526294 394.397396237 122.201284661 0.0 0.0 5.95540700563 8.20217543843 100.64408781 0.612789643776 70.14951093 0.0159870903138 0.0821878909532 0.0030966249067 3.29196745999e-05
0.845005564733 9.99980007554e-05 0.839999426243 0.000100000100262
[0.23950236284223075, -1.1134654217621174, 1.4491934073944033, 0.52899321713083036, -2.3994417017556424, 0.86080143942674714, 2.3089643685382772, -4.2365348649209063, 2.2128955571480233, 4.267799607371817, -8.0663685228011595, 5.0977859034826061, -1.1501253520950954]
[0.73884718610848088, -3.0645584070669551, 3.4204998428780207, 1.7790612983826142, -3.7967315919014157, -3.618150351298274, 2.9746588821196256, 13.185793318149353, -14.551541361899043, -10.688087921692144, 27.003435907921926, -17.185031162127189, 3.8018043604243417]
[-0.0050099317641416714, 0.00035484418715714725, 4.6075282242750969e-05, 0.0072001388233762465, 0.0010821920407326825, -0.0046081426206213442, -0.0083398322765061046, -0.0072007685273795504, -0.00082542454170642337, 0.0014351932224918209, -0.0030791207455819281, 0.0, 0.0019368711981902506, -0.008136432017458884, -0.0034218713406937869, -0.005386875920214332, -0.0081905957137416319, -0.0013062874967822422, 0.0025633159552734103, -0.0034426936442004236, -0.0036018007325484204, -0.0041292329314057668, -0.007710645708827301, -0.0097981676856872067, -0.0071608736869258789, 0.0046879426139757813, 0.0013080146083876071, -0.0052445435880499212, -0.0095638887952772741, -0.0027990746547742634, -0.0011590446484799413, -0.01222387159168844, -0.0010907345986248158, -0.025300130843409652]
[0.99844898423996409, 0.99177418572932996, 1.0036727063984996, 1.0051091313748883, 1.002918874810462, 1.0037218499848037, 1.0003615023006811, 0.99478566223941811, 0.99997598088435025, 1.0098008429454111, 0.99646404098422747, 1.0068140124531255, 0.99852253708720151, 0.99179209135190893, 0.99074864387206152, 1.0079412551025602, 1.0029288823465712, 0.99883616630753447, 0.99334747693575742, 0.98966015406191254, 1.0052778608776451, 1.0015327714919235, 1.008396323628723, 0.99828245731614473, 0.99583528165512814, 0.98771932941160012, 1.013499605110374, 1.0023111224372956, 0.99211486922517755, 1.0034876883574313, 0.98254745255867681]
[1.0289911571086856, 0.98616736070207256, 1.0313857981790979, 1.049821198254526, 1.0337482011959356, 1.0231374290359918, 1.0400596077044701, 1.0220914552961715, 1.0519062516073554, 1.0203204359149651, 1.036968801228519, 1.0469005435943621, 1.0266536145053231, 1.0324515059511814, 1.024800207890606, 1.0883698170695237, 0.95500155941029119, 1.1070245597847315, 1.0266007116435185, 1.0904447600037026, 1.006629995659069, 1.0079395484626448, 1.0289430393855219, 1.008782606400739, 1.0043182166865252, 1.0219339473776037, 1.0114109574224524, 1.0373079490259025, 1.0255000112750279, 1.046021570353604, 1.0256374179073049]
[1.7466337637363975e-05, -3.7925048687580843e-05, -0.00022094381201230251, 0.00049297418204451518, 0.00088299520625656426, -0.0024206896142571228, -0.00085437130402725664, 0.0052045948454758134, -5.1249694573004414e-07, 6.9275955273703229e-05, -0.00017033938666272165, -0.00025785164492707721, 0.001319974576856162, -0.00078234549983539675, -0.0025004603960827516, 0.0040144815523060909]
[-3.7925048709587105e-05, 0.00048199210178128201, 0.00013074308412427445, -0.0045452429019538646, 0.0026266428497017441, 0.015525335641307411, -0.017792923832805511, -0.015500633766616527, -4.5937619723512054e-05, -0.00019960778526340582, 0.0014297436801802208, -0.0011213578867432391, -0.0066908460743650066, 0.014250003521605978, -0.00019057718047899857, -0.026392878938451828]
[-0.00022094381202499339, 0.00013074308409351457, 0.0043616362975189777, -0.0046313036828822454, -0.025213264941612957, 0.0389004392253866, 0.047787512207423034, -0.11904807904907141, 0.00015514166803915359, -0.00086822086675755143, -0.00036048884561904891, 0.0090626962461367779, -0.011228481256033629, -0.024027430740394654, 0.062661085442815706, -0.019150332182920986]
[0.00049297418228251241, -0.0045452429019342544, -0.0046313036833444824, 0.050186430247817271, -0.0092306324202186089, -0.19967230274448081, 0.17130004773861576, 0.25503297662717822, 0.00011490508778272443, 0.0030690273146111568, -0.012340655569806097, -0.0033412683683223558, 0.08028126806148092, -0.097975756114192042, -0.10090119194840806, 0.29051052112892106]
[0.00088299520630583865, 0.0026266428484685998, -0.025213264942268183, -0.0092306324082384109, 0.19695817116161435, -0.126308221223351, -0.55772167311114584, 0.7854813960394027, -0.00098627860821023363, 0.0017847474785612286, 0.015288905340594556, -0.05221059883028184, -0.015759700143275917, 0.25924634469013969, -0.29636543363669515, -0.19033643622797869]
[-0.0024206896153929824, 0.015525335643254165, 0.038900439228899096, -0.19967230276533843, -0.12630822117312598, 0.96605454256657486, -0.27623126791316671, -1.7906279685918689, 0.00088689954325130963, -0.01389886944942275, 0.030716773841831108, 0.073121008807569596, -0.30688552354861737, 0.10018867439184141, 0.76972338677922081, -0.99363886341275809]
[-0.00085437130366574298, -0.017792923828039087, 0.047787512208565398, 0.17130004769156021, -0.55772167313476073, -0.27623126766859329, 2.2138963157722484, -1.5867601311645017, 0.0010940684093607683, 0.0083937531461005417, -0.064015936888975361, 0.064265604321112862, 0.31590633541486823, -0.76270896955626788, 0.083942558817549445, 1.4036755107470091]
[0.0052045948478382439, -0.015500633777777013, -0.11904807905984627, 0.25503297674334119, 0.78548139594812538, -1.7906279689296571, -1.5867601305524546, 5.5078584520476577, -0.0024720963044246938, 0.017760850031897868, -0.00064607691608887944, -0.19309880674606775, 0.29817866684883393, 0.49948546080968798, -1.572753798044537, 0.65226597010453491]
[-5.1249694342025655e-07, -4.5937619691223877e-05, 0.00015514166800602628, 0.00011490508750755602, -0.00098627860799679564, 0.00088689954430566339, 0.0010940684084569561, -0.0024720963062577692, 5.3360694122277089e-05, -8.491309876611057e-05, -0.00059545578157245871, 0.0018966036128696621, 0.00065760425253845651, -0.0085803274851864973, 0.0085164414213076099, 0.0072588605206560962]
[6.9275955223542331e-05, -0.00019960778455843905, -0.00086822086655604486, 0.0030690273074016651, 0.0017847474819983624, -0.013898869422295542, 0.008393753119776302, 0.017760849996708791, -8.4913098918040132e-05, 0.0011229614400776289, -0.0016244186241361617, -0.0079777351820917788, 0.022559241576442922, 0.0058190669526066051, -0.077171131558382761, 0.069726807595717713]
[-0.00017033938657339868, 0.0014297436774186882, -0.00036048884560176744, -0.012340655542685141, 0.015288905327472289, 0.030716773737477717, -0.064015936796989803, -0.00064607676327737922, -0.0005954557811570512, -0.0016244186278758328, 0.017098019048989669, -0.018934251655142037, -0.08064870097529743, 0.19072055927663223, 0.006271881409726769, -0.37845397375043327]
[-0.00025785164455750592, -0.0011213578902321377, 0.0090626962470764655, -0.0033412683340262473, -0.05221059887351924, 0.073121008710459082, 0.064265604527381268, -0.19309880674217658, 0.0018966036143536747, -0.0079777351744680786, -0.018934251711977167, 0.14026521574193829, -0.11063097379538614, -0.53337436654602344, 1.1321001804895701, -0.1593220427204336]
[0.0013199745756722753, -0.0066908460481511535, -0.011228481262068589, 0.080281267808387902, -0.015759699941479161, -0.30688552266818597, 0.31590633431996801, 0.29817866589791625, 0.00065760424646710074, 0.022559241590373938, -0.080648700865534079, -0.11063097423105024, 0.7537504456452343, -0.37993567412419682, -2.1672609848342548, 3.086228721587827]
[-0.00078234550006019772, 0.014250003507727451, -0.024027430744011785, -0.097975755976823703, 0.25924634470591862, 0.10018867375865584, -0.76270896935923571, 0.49948546214322426, -0.0085803274858223533, 0.0058190668997382122, 0.19072055943524902, -0.53337436606668376, -0.37993567626501007, 3.1079566355397175, -3.1328416206359568, -2.8016833348499772]
[-0.0025004603918218106, -0.00019057725874581309, 0.06266108548717704, -0.10090119121487952, -0.29636543453008946, 0.76972338457727008, 0.083942562870341547, -1.5727537970222618, 0.0085164414464556099, -0.077171131537356552, 0.0062718807437344218, 1.1321001815328577, -2.1672609817478992, -3.1328416291591505, 12.885151220951762, -7.7719140642285574]
[0.0040144815482228129, -0.0263928788254153, -0.019150332227692336, 0.29051052005881212, -0.19033643526058536, -0.99363885978890731, 1.4036755058847543, 0.65226596646356017, 0.0072588604941902588, 0.069726807679316744, -0.37845397333634251, -0.15932204484016368, 3.0862287225109766, -2.801683325448117, -7.7719140814592098, 14.150472082395128]
[[0.34353104588099381, 0.65646895411900619, -0.16958560805876968, 0.015946063591474099, -0.00055034383187983033], [-75.576830093814905, 75.576830093814905, -17.691166227069598, 1.4918660098755758, -0.045591023653099146], [204.05744125329988, -204.05744125329988, 53.26614881308776, -5.0280382266640418, 0.173095763863367], [-185.50676477572696, 185.50676477572696, -52.423771648261514, 5.389125660603665, -0.20281433078487868], [56.682622570360969, -56.682622570360969, 17.018374670302109, -1.8688995074066732, 0.075859934406490609]]
2044 27.92584 2
[-1.104291446108187, 1.4493576804583859, 0.4047399166864662, -2.3033049353671715, 1.5630796981459416, 0.7798273874433985, -3.9437754105342693, 5.279717101553199]
[-3.0570272801283513, 3.3848166859461246, 1.9554971137983816, -4.032515314923296, -4.36646128318927, 5.573144015965191, 11.233460693125025, -17.288430324478952]
[1, 2, 3, 4, 5, 6, 7, 8, 9, 10, 11, 12, 13, 14, 15, 16, 17, 18, 19, 20, 21, 22, 23, 24, 25, 26, 27, 28, 29, 30, 31]
[[3], [1, 3], [1, 4], [1, 5], [2, 4], [2, 5], [9], [7, 9], [6, 9], [8, 9], [13], [14], [11, 13], [10, 13], [10, 14], [10, 15], [12, 15], [18], [19], [16, 18], [16, 19], [16, 20], [17, 20], [25], [21, 25], [21, 26], [23, 26], [22, 26], [24, 26], [29, 30], [29], [27, 29], [27, 31], [28, 31]]
[[0, 0.18], [0, 0.315], [0, 0.45], [0, 0.585], [0, 0.72], [0, 0.855], [1, 0.18], [1, 0.315], [1, 0.45], [1, 0.585], [1, 0.72], [1, 0.855], [2, 0.18], [2, 0.315], [2, 0.45], [2, 0.585], [2, 0.72], [2, 0.855]]
[[1, 0.018], [2, 0.027], [3, 0.019], [4, 0.016], [5, 0.025], [6, 0.03], [7, 0.04], [8, 0.02], [9, 0.04], [10, 0.019], [11, 0.021], [12, 0.021], [13, 0.021], [14, 0.04], [15, 0.03], [16, 0.023], [17, 0.038], [18, 0.08], [19, 0.024], [20, 0.041], [21, 0.015], [22, 0.015], [23, 0.035], [24, 0.046], [25, 0.019], [26, 0.015], [27, 0.029], [28, 0.035], [29, 0.021], [30, 0.021], [31, 0.022]]
[1, 2, 3, 4, 5, 6, 7, 8, 9, 10, 11, 12, 13, 14]
