1000.0 0.0779191396 -0.7 5.0 13.96423678 4 0 0 1 1e-14
1306 1292 657 562 69 0 8 8 34 31 31 4
0.900033282297 1175.44346668 472.920503723 394.891732523 122.547783973 0.0 0.0 6.04358617757 7.86724723409 100.15649977 0.615788927987 70.2965520496 0.0149291461652 0.0857831443285 0.00303974667995 2.02655312892e-05
0.84500551339 9.99976864837e-05 0.829999549827 9.99995587189e-05
[0.2395139518353567, -1.1137530613913631, 1.4491216012990744, 0.5369013996857438, -2.4137011798938963, 0.82779481281370537, 2.4129304624856069, -4.2602907265217125, 2.0377320432028156, 4.4696934645769915, -8.1170052488273488, 5.0667061813808765, -1.1356437006458515]
[0.73884784954312122, -3.0640570046292406, 3.4156670407112424, 1.7877552909898842, -3.7482199378529879, -3.8537507303388603, 3.2884680494655703, 13.417098135840234, -15.806795963720393, -8.9601768753667983, 25.797197782154569, -16.748980613745346, 3.736946976948019]
[-0.0047272709396452934, 0.00035617521187543308, 0.00018374320617919423, 0.0071593521112163694, 0.001244827052256455, -0.0043817617123566516, -0.0083468297708508624, -0.0072054086099903117, -0.00083209878507965209, 0.001306202023277745, -0.0031471129512636335, 0.0, 0.0018558934567571004, -0.0081743217000339822, -0.0034216261903819733, -0.0054162155073408016, -0.0082403760084525171, -0.0013130779455272691, 0.0025497235238091972, -0.0034644958623707657, -0.0036452421768064145, -0.004156984170344308, -0.0076586693973598073, -0.0096771407931864842, -0.0072030643173406168, 0.0046854430414253554, 0.0013128981195797136, -0.0051870672819194445, -0.009544431859996599, -0.0027608198163384047, -0.0011255633169193293, -0.012213168310172873, -0.0010650454053058142, -0.025279302493398801]
[0.99846944750054278, 0.99212740100998398, 1.0036510664740939, 1.0049814836966964, 1.0029673825777223, 1.0037208229099015, 1.0003606284229538, 0.99478348801566441, 0.9999714522171208, 1.0098823638131853, 0.99646896162079179, 1.0067815863853269, 0.99843762159892502, 0.99165393564959581, 0.99061548883613038, 1.0080093170836044, 1.0029782362007906, 0.99875444284270232, 0.99322386348727187, 0.98948630133672255, 1.0053136346702647, 1.0016630986228952, 1.008429396561646, 0.99845917025672037, 0.99570491698732433, 0.9875465999552655, 1.0133746750245389, 1.0023134317612596, 0.99210329934709862, 1.003408736479297, 0.98257795774335766]
[1.0289604068094231, 0.98614463471934888, 1.0313470067084098, 1.0497389737585769, 1.0337385521085261, 1.0231095504482435, 1.040023293539784, 1.0220656392235765, 1.0518880207488481, 1.0202561519597799, 1.0369484883076043, 1.0468949595186361, 1.0266419745416382, 1.0324290548024564, 1.0247867942090703, 1.0883867014672661, 0.95498584593204006, 1.1070325660685967, 1.0265611200729934, 1.0904367246696531, 1.0066247434475635, 1.0079531119385619, 1.028980121754127, 1.0088662659776801, 1.004307852388185, 1.0219270684079467, 1.0113650765338711, 1.0374756869964419, 1.0256970006291604, 1.0464576767276326, 1.0264403496042727]
[1.7465485396401285e-05, -3.7901107577459461e-05, -0.00022079310118734713, 0.00049208728892460862, 0.00088212819536800111, -0.0024143420594176413, -0.00085554246542392156, 0.0051887945725645635, -4.9615527508069596e-07, 6.9127392033260608e-05, -0.00017017514892587091, -0.00025467454368227914, 0.0013101214773720406, -0.00078830718062737062, -0.0024445388057453203, 0.0039609617774037445]
[-3.7901107587981325e-05, 0.00047862786393238442, 0.00013377633383447542, -0.0045057392026160532, 0.0025891121010308883, 0.01536004913534508, -0.017605716000611279, -0.015232779345353151, -4.4307193800474212e-05, -0.00019751674693735893, 0.0013821372155756368, -0.0011048100249391279, -0.0062642828012278735, 0.013751161558079244, -0.0014963226937918384, -0.023791163509724777]
[-0.00022079310117034665, 0.00013377633372486103, 0.004346437192970563, -0.0046454462798404131, -0.025089012423936619, 0.038835497239881132, 0.047472955002411582, -0.11862853745984957, 0.00014970851443076223, -0.00086741299285584498, -0.00022756969943355966, 0.0089036740415520815, -0.012175356169389378, -0.022341770398862412, 0.064833301227718257, -0.025336569519292591]
[0.00049208728901250142, -0.004505739202890385, -0.0046454462799918415, 0.049716970006880086, -0.0089476967247845863, -0.19760271164630042, 0.16950489823258613, 0.25131607042937165, 0.00010444731359632656, 0.0030501969119481245, -0.012023658654416926, -0.0034607752350874865, 0.077606315048068447, -0.094695236852708725, -0.093314624597971088, 0.27470816594960151]
[0.00088212819518134801, 0.0025891121023435249, -0.02508901242503421, -0.0089476967270848314, 0.19588866321256312, -0.126599572436292, -0.55462438001684244, 0.78376615577484599, -0.00093933344542129922, 0.0017847097789482902, 0.014117882112662038, -0.050900094177667492, -0.0072644674843901887, 0.24464508532565604, -0.31638272246589833, -0.13539416773063578]
[-0.0024143420596126498, 0.015360049136255154, 0.03883549723936551, -0.19760271165221499, -0.1265995724220057, 0.95613190042969254, -0.2705978425489754, -1.7707656901846791, 0.00088500558502731545, -0.013821595520452423, 0.030555861948765372, 0.072640975345613243, -0.30531972703964338, 0.10036828388522448, 0.76531910643431655, -0.98993507818900517]
[-0.00085554246475011853, -0.017605716007397153, 0.047472955012543103, 0.16950489825828058, -0.55462438008787096, -0.27059784250603669, 2.2027676486720362, -1.5919921594847721, 0.00096638279056524782, 0.0083755050171791176, -0.060802115616215041, 0.060493390388790882, 0.29373425902077283, -0.72252327269132266, 0.13140018491702524, 1.2620993413120729]
[0.0051887945723675614, -0.015232779340568083, -0.11862853747009489, 0.25131607041637571, 0.78376615582650111, -1.770765690234416, -1.5919921594338395, 5.4641863294689088, -0.0023614416226020144, 0.017586226439514366, -0.00293481517548764, -0.18894387949502481, 0.3135094286383226, 0.46580086700214091, -1.6057382408431569, 0.76584542770953312]
[-4.9615527287074306e-07, -4.4307193742729929e-05, 0.00014970851426439897, 0.00010444731301930985, -0.00093933344342891326, 0.0008850055858943039, 0.00096638278267731858, -0.0023614416166477738, 5.1410143849926997e-05, -8.4323024594165543e-05, -0.00054904857082875526, 0.0018288419250018909, 0.00036406172458051478, -0.0079642787791078598, 0.0090419281302316495, 0.0053204239292790317]
[6.9127392022463866e-05, -0.00019751674708202828, -0.00086741299214530842, 0.0030501969127387286, 0.0017847097726889378, -0.013821595517790712, 0.0083755050353926941, 0.0175862264165705, -8.4323024475805523e-05, 0.0011259157216513827, -0.0016512579266819748, -0.0080353852771934599, 0.023003131822266744, 0.0056849611005204042, -0.07917940104520195, 0.072412212754276936]
[-0.00017017514895167676, 0.0013821372146577561, -0.00022756969745805922, -0.012023658643467399, 0.014117882083180863, 0.030555861922858377, -0.060802115482256752, -0.0029348152551166651, -0.00054904857116259986, -0.0016512579239089777, 0.016045533906451796, -0.01700995575613402, -0.075079900945299483, 0.17585518648993956, 0.0011194682880505214, -0.34066885301392347]
[-0.00025467454344559287, -0.0011048100209834389, 0.0089036740276133043, -0.0034607752700942518, -0.050900094029490132, 0.072640975370682398, 0.060493389849390136, -0.1889438790224425, 0.0018288419242585288, -0.0080353852825017988, -0.017009955723483086, 0.13971936799768062, -0.12907906733622804, -0.51307639323769039, 1.1928175820770113, -0.27496839243108651]
[0.0013101214770973888, -0.0062642828017493105, -0.012175356158834081, 0.077606315033432599, -0.0072644675357663247, -0.30531972690934456, 0.29373425902568695, 0.31350942838959456, 0.00036406172810011779, 0.023003131811044589, -0.075079900996954899, -0.12907906710497355, 0.74713683423314092, -0.28208410136005035, -2.2817174712526884, 3.0144386970715336]
[-0.00078830718151585511, 0.01375116153950902, -0.022341770343378666, -0.094695236665213511, 0.24464508466667137, 0.10036828360582754, -0.72252327007460304, 0.46580086501005397, -0.0079642787798273121, 0.0056849611382657206, 0.17585518639963618, -0.51307639350981493, -0.282084100289057, 2.913893777517409, -3.324768194032973, -2.1596157646397138]
[-0.0024445388033134483, -0.0014963226656710253, 0.064833301110654981, -0.093314624811509816, -0.31638272135144885, 0.76531910637649614, 0.13140018119955588, -1.6057382371817075, 0.0090419281189690909, -0.079179401053740994, 0.0011194685815732164, 1.1928175816160416, -2.2817174726058087, -3.3247681903048933, 13.738742615414681, -8.38123184090683]
[0.0039609617765112041, -0.023791163503058547, -0.025336569503844972, 0.27470816580757679, -0.13539416761688028, -0.98993507758152721, 1.2620993401080698, 0.76584542775808473, 0.0053204239426432095, 0.072412212687450933, -0.34066885314363071, -0.27496839139538559, 3.0144386963543566, -2.1596157685937132, -8.3812318334147822, 13.509994919453124]
[[0.34353104588099381, 0.65646895411900619, -0.16958560805876968, 0.015946063591474099, -0.00055034383187983033], [-75.576830093814905, 75.576830093814905, -17.691166227069598, 1.4918660098755758, -0.045591023653099146], [204.05744125329988, -204.05744125329988, 53.26614881308776, -5.0280382266640418, 0.173095763863367], [-185.50676477572696, 185.50676477572696, -52.423771648261514, 5.389125660603665, -0.20281433078487868], [56.682622570360969, -56.682622570360969, 17.018374670302109, -1.8688995074066732, 0.075859934406490609]]
1819 25.456713 2
[-1.104291446108187, 1.4493576804583859, 0.4047399166864662, -2.3033049353671715, 1.5630796981459416, 0.7798273874433985, -3.9437754105342693, 5.279717101553199]
[-3.0570272801283513, 3.3848166859461246, 1.9554971137983816, -4.032515314923296, -4.36646128318927, 5.573144015965191, 11.233460693125025, -17.288430324478952]
[1, 2, 3, 4, 5, 6, 7, 8, 9, 10, 11, 12, 13, 14, 15, 16, 17, 18, 19, 20, 21, 22, 23, 24, 25, 26, 27, 28, 29, 30, 31]
[[3], [1, 3], [1, 4], [1, 5], [2, 4], [2, 5], [9], [7, 9], [6, 9], [8, 9], [13], [14], [11, 13], [10, 13], [10, 14], [10, 15], [12, 15], [18], [19], [16, 18], [16, 19], [16, 20], [17, 20], [25], [21, 25], [21, 26], [23, 26], [22, 26], [24, 26], [29, 30], [29], [27, 29], [27, 31], [28, 31]]
[[0, 0.18], [0, 0.315], [0, 0.45], [0, 0.585], [0, 0.72], [0, 0.855], [1, 0.18], [1, 0.315], [1, 0.45], [1, 0.585], [1, 0.72], [1, 0.855], [2, 0.18], [2, 0.315], [2, 0.45], [2, 0.585], [2, 0.72], [2, 0.855]]
[[1, 0.018], [2, 0.027], [3, 0.019], [4, 0.016], [5, 0.025], [6, 0.03], [7, 0.04], [8, 0.02], [9, 0.04], [10, 0.019], [11, 0.021], [12, 0.021], [13, 0.021], [14, 0.04], [15, 0.03], [16, 0.023], [17, 0.038], [18, 0.08], [19, 0.024], [20, 0.041], [21, 0.015], [22, 0.015], [23, 0.035], [24, 0.046], [25, 0.019], [26, 0.015], [27, 0.029], [28, 0.035], [29, 0.021], [30, 0.021], [31, 0.022]]
[1, 2, 3, 4, 5, 6, 7, 8, 9, 10, 11, 12, 13, 14]
