1000.0 0.0779191396 -0.7 5.0 13.96423678 4 0 0 1 1e-14
1306 1292 657 562 69 0 8 8 34 31 31 4
0.904300021663 1181.01582829 477.962688053 393.476111017 121.164041513 0.0 0.0 5.5929870561 10.1682726437 102.192326305 0.613926030017 69.7553182626 0.0204926462323 0.0663341719547 0.00323946905859 9.11237759439e-05
0.845005691633 9.99982365013e-05 0.869999045412 9.99994842427e-05
[0.23948508016899192, -1.1125766973146263, 1.4481916556674261, 0.50797461979284864, -2.3487872228222906, 0.93362133857494289, 1.9935851295452136, -4.0900067350161633, 2.675666721397604, 3.6166061786372783, -7.8175420847891601, 5.1369046320626168, -1.1831226159046295]
[0.73880049518603164, -3.0653081760048249, 3.4337924749037501, 1.738560315930566, -3.8913778424620404, -2.898062677510878, 1.7460144020746449, 12.880809092250649, -10.611898041182167, -16.785857335263692, 31.57083336974128, -18.931356558983765, 4.0750504813203037]
[-0.0058549843330138428, 0.00034475668631266918, -0.00033698268356590629, 0.0073009695842799534, 0.00061974069615362056, -0.0052171911384900904, -0.008303855387040893, -0.0071743532285971348, -0.00084380737825586632, 0.001835945513107308, -0.0029033571070368708, 0.0, 0.002150675701097358, -0.0080616859841705045, -0.0034296003360340787, -0.0053113700399196597, -0.0081155190441858129, -0.0012956635706575087, 0.002542997440788515, -0.0033863080431282464, -0.0035007216625991709, -0.0040585304490119425, -0.0078834169360641974, -0.010157373754128736, -0.0070571342911454234, 0.0046814722078867598, 0.0012871523897871997, -0.0053794581177026915, -0.0096025211921386411, -0.0029101428869835098, -0.0012230536851528834, -0.012287645469533499, -0.0011674275107663103, -0.025313466438304656]
[0.99840791336131396, 0.99076149540188307, 1.0037159857573958, 1.0054338430998722, 1.0027513370823276, 1.0037718076829163, 1.0003651756775582, 0.99481183973152942, 0.99993466014939703, 1.0096138215156634, 0.99644715887084334, 1.006931877642733, 0.99870449912040427, 0.99208709003118212, 0.99102455153479596, 1.007773575524479, 1.0027487505706429, 0.99901195501863915, 0.99362468570627827, 0.99005800372375485, 1.005221034677338, 1.0011595257380812, 1.0083363059382875, 0.99779979316783252, 0.99609573011614649, 0.98808471147675381, 1.0138829196423427, 1.0023955780171752, 0.99204270396854133, 1.0036989595691126, 0.98231626663189964]
[1.029098930495338, 0.98627576717975196, 1.0315520504080096, 1.0499670200584343, 1.0338078656849579, 1.0232601457095611, 1.0402128242688009, 1.0221400184686749, 1.0518940828961973, 1.0204382272888171, 1.0370721977333062, 1.0469511041347213, 1.0267361133821213, 1.0325647676110898, 1.0249043560870792, 1.0883391026909548, 0.955022789940978, 1.1069987382121824, 1.0267123966951044, 1.0905242270135596, 1.0066318645272048, 1.0078851451862845, 1.028803105410462, 1.0085185026450618, 1.0043663786783781, 1.0219587598273081, 1.0115455385846721, 1.0368044137485872, 1.0248941803407032, 1.0448178146747336, 1.023282257894079]
[1.7478168166725673e-05, -3.7946423250671225e-05, -0.00022110745041606744, 0.00049325226165162291, 0.00088406016306188061, -0.002422645657568705, -0.00085731359909947333, 0.0052121400076270237, -5.0018858992321318e-07, 6.9185613180219445e-05, -0.00017034038847432749, -0.00025541337624674108, 0.0013134049064432566, -0.00078822551170203213, -0.0024593689371345184, 0.0039781046244623487]
[-3.7946423232221058e-05, 0.00046982090080890861, 0.00014241667770379624, -0.0044071167026960602, 0.0024697908848551066, 0.014984221972598636, -0.017014501509465721, -0.014831207265023731, -4.5039050094101332e-05, -0.00019599424292574908, 0.0013970039364601115, -0.0010919702184707459, -0.0065172793780100199, 0.013890906484299534, -0.00028714959185891962, -0.025582342991133836]
[-0.00022110745042805044, 0.00014241667794853677, 0.0043566406818109664, -0.0047734491707188704, -0.02513089139925672, 0.039557071311402597, 0.047258577631347665, -0.12033240196017805, 0.00015422166912885729, -0.00086844503890687839, -0.00033755828198302998, 0.0089886687216784531, -0.011216128156442145, -0.023640804170765511, 0.061895010439618772, -0.01902545110337266]
[0.00049325226145499038, -0.0044071167032494075, -0.0047734491668652047, 0.04864437160987968, -0.007310796251619768, -0.19388442110772341, 0.1620053498802865, 0.24904904957621191, 0.00010438897690876148, 0.0030186019063519389, -0.011934889010453456, -0.0035865675113246434, 0.077855252546130488, -0.093847262098078046, -0.097985948112233462, 0.27916371812126106]
[0.00088406016329628761, 0.0024697908846567445, -0.025130891404458022, -0.0073107962324100474, 0.19566797535096611, -0.13502750633132565, -0.54979090961074673, 0.80148942306740378, -0.00097546534942153035, 0.0018172054532606154, 0.014927885230024796, -0.051735549941353848, -0.014216727086932333, 0.25491696187339813, -0.29514488630357905, -0.18331149323622439]
[-0.0024226456568928367, 0.014984221975295994, 0.039557071297441571, -0.19388442112538221, -0.13502750622992304, 0.94653276818919685, -0.23633403195859071, -1.7804710667242842, 0.00093096439861344569, -0.013668776468795295, 0.028967982315413178, 0.073962997510920017, -0.29598545779269159, 0.082987653554836838, 0.75441792354122894, -0.9428574518589955]
[-0.00085731360036450416, -0.01701450151379472, 0.047258577666119281, 0.16200534985476903, -0.54979090976728018, -0.23633403165151057, 2.1694606819947522, -1.6503055493753258, 0.0010399356070713421, 0.0081427950297986613, -0.061948104339913573, 0.06296547339635529, 0.30364416710273201, -0.74160609827698776, 0.098264433741748564, 1.3464240091041764]
[0.0052121400073564753, -0.014831207264908785, -0.12033240196604653, 0.2490490496227088, 0.80148942303259596, -1.7804710669821688, -1.6503055488472613, 5.5519747914472966, -0.0025399193705368779, 0.017419352723507878, 0.0019843743779664001, -0.19474117545842085, 0.28292443418487428, 0.5263229308521582, -1.5570119992430311, 0.58239165533429338]
[-5.0018859170938576e-07, -4.5039050053491056e-05, 0.00015422166904143959, 0.00010438897639536475, -0.00097546534789002572, 0.00093096439957730988, 0.0010399356001523591, -0.0025399193654489565, 5.3300494967070485e-05, -8.4998575363534677e-05, -0.00059360189788736756, 0.0018933610883460181, 0.00064990362329808411, -0.0085546451935979186, 0.0085086764719927051, 0.0072149030054930296]
[6.9185613192050151e-05, -0.0001959942437312541, -0.00086844503751729789, 0.0030186019133441977, 0.0018172054363340775, -0.013668776482226542, 0.0081427950937929539, 0.017419352690618152, -8.4998575105174409e-05, 0.001115549563094178, -0.001599216787763344, -0.0078940074624582277, 0.022160163007419992, 0.0058258143226919568, -0.075447090745206183, 0.067741346483633738]
[-0.00017034038845280771, 0.001397003937686054, -0.00033755828373431963, -0.011934889016999056, 0.014927885238619435, 0.02896798232882828, -0.061948104343119544, 0.0019843743388723444, -0.00059360189861975361, -0.001599216781032033, 0.016972276321782262, -0.019107429591247942, -0.079231224476096873, 0.19004231743966205, 0.0012298765094460914, -0.37131065599869245]
[-0.00025541337642708597, -0.0010919702100436919, 0.0089886687047673712, -0.0035865675925936258, -0.051735549712653039, 0.073962997650297249, 0.062965472481026699, -0.19474117484270523, 0.0018933610863196837, -0.0078940074786149686, -0.019107429493088291, 0.13903535356914187, -0.10640405685063151, -0.53165328138044676, 1.1110385644897571, -0.13881531468147196]
[0.0013134049065626422, -0.0065172794018946469, -0.011216128111815557, 0.077855252737193487, -0.014216727571378067, -0.29598545812008709, 0.30364416879571499, 0.28292443329378819, 0.00064990363230845057, 0.022160162988666993, -0.07923122465644486, -0.10640405614473129, 0.73266254187037905, -0.37848176191717381, -2.0786889713830554, 2.9823656878007312]
[-0.00078822551098991925, 0.013890906470934945, -0.023640804137732136, -0.093847261924432407, 0.25491696129697877, 0.082987653280428522, -0.74160609570641867, 0.5263229287529414, -0.0085546451941220306, 0.0058258144264625999, 0.1900423171605021, -0.53165328222252728, -0.3784817583637583, 3.0972800182410216, -3.1216470920003614, -2.7927438465397811]
[-0.0024593689384632298, -0.000287149483866414, 0.06189501022007917, -0.097985949066967504, -0.29514488362588887, 0.75441792508443928, 0.098264423637904219, -1.5570119926517529, 0.0085086764388263361, -0.075447090827721608, 0.0012298775991881881, 1.1110385630772193, -2.0786889766207777, -3.121647078643492, 12.485901105743833, -7.3403759034526441]
[0.0039781046244331828, -0.025582343081266369, -0.019025450930516323, 0.27916371880592744, -0.18331149499009131, -0.94285745296659729, 1.3464240149151367, 0.58239165235522661, 0.007214903042545533, 0.067741346365612187, -0.37131065662289314, -0.13881531146458778, 2.9823656863777837, -2.7927438610327351, -7.3403758767429963, 13.641628535995327]
[[0.34353104588099381, 0.65646895411900619, -0.16958560805876968, 0.015946063591474099, -0.00055034383187983033], [-75.576830093814905, 75.576830093814905, -17.691166227069598, 1.4918660098755758, -0.045591023653099146], [204.05744125329988, -204.05744125329988, 53.26614881308776, -5.0280382266640418, 0.173095763863367], [-185.50676477572696, 185.50676477572696, -52.423771648261514, 5.389125660603665, -0.20281433078487868], [56.682622570360969, -56.682622570360969, 17.018374670302109, -1.8688995074066732, 0.075859934406490609]]
916 12.965816 2
[-1.104291446108187, 1.4493576804583859, 0.4047399166864662, -2.3033049353671715, 1.5630796981459416, 0.7798273874433985, -3.9437754105342693, 5.279717101553199]
[-3.0570272801283513, 3.3848166859461246, 1.9554971137983816, -4.032515314923296, -4.36646128318927, 5.573144015965191, 11.233460693125025, -17.288430324478952]
[1, 2, 3, 4, 5, 6, 7, 8, 9, 10, 11, 12, 13, 14, 15, 16, 17, 18, 19, 20, 21, 22, 23, 24, 25, 26, 27, 28, 29, 30, 31]
[[3], [1, 3], [1, 4], [1, 5], [2, 4], [2, 5], [9], [7, 9], [6, 9], [8, 9], [13], [14], [11, 13], [10, 13], [10, 14], [10, 15], [12, 15], [18], [19], [16, 18], [16, 19], [16, 20], [17, 20], [25], [21, 25], [21, 26], [23, 26], [22, 26], [24, 26], [29, 30], [29], [27, 29], [27, 31], [28, 31]]
[[0, 0.18], [0, 0.315], [0, 0.45], [0, 0.585], [0, 0.72], [0, 0.855], [1, 0.18], [1, 0.315], [1, 0.45], [1, 0.585], [1, 0.72], [1, 0.855], [2, 0.18], [2, 0.315], [2, 0.45], [2, 0.585], [2, 0.72], [2, 0.855]]
[[1, 0.018], [2, 0.027], [3, 0.019], [4, 0.016], [5, 0.025], [6, 0.03], [7, 0.04], [8, 0.02], [9, 0.04], [10, 0.019], [11, 0.021], [12, 0.021], [13, 0.021], [14, 0.04], [15, 0.03], [16, 0.023], [17, 0.038], [18, 0.08], [19, 0.024], [20, 0.041], [21, 0.015], [22, 0.015], [23, 0.035], [24, 0.046], [25, 0.019], [26, 0.015], [27, 0.029], [28, 0.035], [29, 0.021], [30, 0.021], [31, 0.022]]
[1, 2, 3, 4, 5, 6, 7, 8, 9, 10, 11, 12, 13, 14]
