1000.0 0.0779191396 -0.7 5 -9.5652136 1 0 1e-14
45 16 38 8 0
0.542630021711 24.418350977 0.0 0.0340092688934 9.47974397217e-05 0.000146351180281
[0.048973695604822849, -0.063974495804188514, -0.24396925699815314, 0.37506497455659549, 0.33263762690831455, -0.52220050999265477, -0.30074044263908412, 0.20611771984622401, 0.17726632480547899, 0.2277097118997608, -0.084555518509002572, -0.065188285835595272, -0.15546353962337775, -0.033891994604782649, -0.002034929099692774, 0.072972792410505971, 0.06597576095421602, 0.031048634129831498, -0.037495577228696675, -0.060487845944649621, 0.032235155164130447]
-0.116099955686 0.000100105417784
[8.3970887031441392e-05, -2.7652996912205655e-05, -0.0014107361838445343, 0.00065524796848698372, 0.0065289096188093565, -0.0039801094895924602, -0.0088802902675199288, 0.0054353183803112128, -0.0012812650939938554, 0.0052219913801787457, -6.7215431959288596e-05, 0.0011514373427292434, -0.001595948051424695, -0.0024262986657440592, -0.0013769517381611528, -0.00018861841041176668]
[-2.7652996898909704e-05, 0.0023834495194498353, -0.0014928797999991009, -0.018943585571247645, 0.013199053899194348, 0.049282078436259688, -0.032689527213575612, -0.037599436404537862, 0.0078230047799477398, -0.0026503249954145042, 0.025410802809030988, 0.0076118180240397626, 0.010906668740572901, -0.021060746600044415, -0.0035636007768727889, -0.0063316368362438683]
[-0.0014107361838854922, -0.0014928798000686384, 0.033393891173585988, -0.0026015095673807258, -0.18005652647745166, 0.082580313828622839, 0.28037280535450959, -0.16045407361065417, 0.0083538360218123435, -0.12616517445185496, -0.0034842976258808727, -0.012468873513601363, 0.044277011172528684, 0.057862946946540553, 0.033595282655602528, 0.0034381062289204913]
[0.00065524796841324724, -0.0189435855708074, -0.0026015095704323326, 0.19473338904388168, -0.03285416480327507, -0.67969790441256872, 0.25302527326652696, 0.75908204267072366, -0.2855643807925301, 0.11160955324197908, -0.40823848775937954, -0.060423674039993221, -0.1488269655574819, 0.2982872769413436, 0.051577639530872424, 0.087875214438852281]
[0.0065289096191767206, 0.013199053901689083, -0.18005652647937256, -0.032854164856198055, 1.072499843454229, -0.30778075426186313, -1.9893613269020338, 0.8652794185384477, 0.54288711640279275, 0.4144325176777337, 0.16659581024067815, -0.20029648415731069, -0.24367098635161771, -0.28192485932189681, -0.14350081990645791, -0.0045379102659396549]
[-0.0039801094897048625, 0.049282078430996627, 0.082580313852644444, -0.6796979043672603, -0.30778075459363918, 3.0092741835650707, -0.41648437331980637, -4.2756838675998017, 1.6491905792115042, -0.13466698524446205, 1.6280614746498074, 0.27364478882149773, 0.37632012530698911, -1.1778296591653656, -0.32019552306704469, -0.32943397923486267]
[-0.0088802902685329345, -0.032689527225111377, 0.28037280535722853, 0.25302527350173049, -1.9893613268699664, -0.41648437475715983, 5.13154835591879, -0.69354563973862104, -4.2113680514627747, 0.81577952453181712, -0.58024239587497639, 1.2918925197607916, 0.39419294199891136, 0.21630892939259438, 0.014327225250190992, -0.10491425188544369]
[0.0054353183811366133, -0.037599436379320061, -0.16045407366829156, 0.75908204234964527, 0.86527941930295094, -4.2756838664227477, -0.69354564319459289, 8.2478575007469317, -1.8733054833416023, -3.2371970194257584, -0.75593114571534359, -0.64606045488128905, 0.6049936613218333, 1.1971810398652816, 0.70818325090940837, 0.21722936616906871]
[-0.0012812650935460255, 0.0078230047931494469, 0.0083538360386594471, -0.28556438109167664, 0.54288711621115338, 1.6491905811221395, -4.211368050997585, -1.8733054882657378, 8.7850258572968301, -2.379860922857842, -2.6255502100413284, -0.76371978969472432, -0.34169610905814951, 1.1458032439401884, 0.50745693806419556, 0.431794207638661]
[0.0052219913807465337, -0.0026503250435510354, -0.12616517444353284, 0.11160955396299702, 0.41443251723710706, -0.13466698861597862, 0.8157795275125338, -3.2371970144524882, -2.3798609280661447, 9.471222645918175, -2.6999338828659543, -2.4090444537081308, -1.0334834978111775, 0.41889604535765845, 0.32071786331609292, 0.45784607016588452]
[-6.721543167610827e-05, 0.025410802820251745, -0.0034842976320527208, -0.40823848793513529, 0.16659581028565665, 1.6280614755273015, -0.58024239610214445, -0.75593114744824785, -2.6255502096369123, -2.6999338815499501, 10.407615824603019, -2.5935167527630534, -2.0967142003973076, -1.0082431591226244, -0.50282448929463541, 0.16886073480179431]
[0.0011514373390882522, 0.0076118180469466707, -0.012468873427068173, -0.060423674401370676, -0.20029648451865409, 0.27364479055893393, 1.2918925195642545, -0.64606045743407547, -0.76371978794293094, -2.4090444540699032, -2.5935167522846401, 10.46878612067996, -2.6743550623073089, -2.3486674019513072, -1.2457718899540389, -0.35781820929165908]
[-0.001595948049535061, 0.010906668732543768, 0.044277011112117501, -0.14882696533231515, -0.24367098598715745, 0.37632012388826214, 0.39419294145749145, 0.60499366437120394, -0.3416961092096561, -1.0334834996069113, -2.0967142007616641, -2.6743550620487047, 10.598105538099121, -3.2807128558331247, -2.051630599958711, -1.0981148432229788]
[-0.0024262986655883057, -0.021060746594636862, 0.05786294693962804, 0.29828727682361766, -0.28192485922113347, -1.1778296585045294, 0.21630892888883266, 1.1971810386790207, 1.145803244657928, 0.41889604575224754, -1.0082431586082077, -2.3486674021100602, -3.2807128561728285, 8.6684471347776562, -2.9489594416233222, -1.8052070861344098]
[-0.0013769517372365318, -0.0035636007868728474, 0.033595282634346628, 0.051577639671299948, -0.14350081980298518, -0.32019552372008309, 0.014327225217546652, 0.70818325201498078, 0.50745693771827005, 0.32071786289671428, -0.50282448918477529, -1.2457718898905006, -2.0516306003127482, -2.9489594412992095, 10.764637031438525, -2.6424330654624146]
[-0.00018861841036579578, -0.0063316368388003016, 0.0034381062284298113, 0.08787521446126724, -0.0045379102576020916, -0.32943397929912738, -0.10491425193548531, 0.21722936625268854, 0.43179420777836292, 0.45784607002392913, 0.16886073471882568, -0.35781820909813966, -1.0981148433935934, -1.8052070860416554, -2.6424330655118613, 10.434716334179207]
[[0.94815488697822337, 0.051845113021776655, -0.0079220520357806672, 0.00042487734531318196, -8.0203778354773874e-06], [-1080.8965711555772, 1080.8965711555772, -161.9688606792723, 8.5156398263463551, -0.15752343593428733], [3062.5402849408088, -3062.5402849408088, 468.41177192460594, -25.127646174648081, 0.47409417959159306], [-2901.353954154456, 2901.353954154456, -451.75852077068026, 24.699875323350867, -0.47545764382361544], [918.76208548224611, -918.76208548224611, 145.32353157738234, -8.0882938523944539, 0.15889492054414514]]
264 0.598122 2
[-0.06119821736062262, -0.24063677789313867, 0.33394318288193275, 0.2881602254753531, -0.3076182991514121, -0.22898207620758285, -0.16684367147378432, 0.24201755992058918, 0.16965372015609925, 0.09868332733788486, -0.011664243065434546, -0.09569677781401763, -0.09434958565611529, -0.07215179245252135, -0.0035309965694903084, 0]
