1000.0 0.0779191396 -0.7 5 -9.5652136 2 0 1e-14
47 16 33 7 7
0.470370863988 22.1074306074 1.19522495875 2.26995049295 0.018660320783 0.0328581159399
[-0.49491326583958412, 2.0728600427911985, -2.1630703430840317, -1.6480039385071585, 1.732610905504524, 5.3703538323036062, -2.3073841724405679, -9.5642554757107767, 5.5391187382750973, 0.52855121365402347, 4.6094907497700301, -1.0163963577406261, -1.2265255382220348, -2.8932492580571165, -0.67997820145668308, 0.39189227316454428, 1.9024266350096801, 1.2410441091232087, -0.4087836297544527, -1.7338678806597727, 0.74807956187754598]
0.746496130426 1.00000340401e-08
[0.00034946955876973186, -0.00056676257804437848, -0.0033641595844053026, 0.0074422908086100494, 0.0095699595136077998, -0.026764998843474771, -0.0048903334250008134, 0.028696306330172477, -0.0039456636835856953, 0.0065162779987443737, -0.013730406671588638, -0.003894132895550901, -0.0050557258966067425, 0.004446220183988059, 0.0048936993456607306, 0.0058020103802669367]
[-0.00056676257784942863, 0.0069628520406015892, -0.0073769342495913978, -0.045036402034446261, 0.080330187655156648, 0.068133806248009479, -0.17738732975839688, 0.016077537236263765, 0.030232852710629584, 0.053977629344017765, 0.025724170882605497, -0.019995028033357946, -0.029253943068144599, -0.019606398592906821, -0.012409618801879444, 0.017886577276533162]
[-0.0033641595848572237, -0.0073769342442931594, 0.076358549746450483, -0.029704758268731896, -0.40394070224858797, 0.43598823518056068, 0.56502861058711507, -0.84482293118527851, 0.10985173663197451, -0.24005155217702615, 0.30628920565912043, 0.10657088907616566, 0.14699086409478287, -0.080804942538971372, -0.10103537343851086, -0.14734006088187848]
[0.0074422908072746177, -0.045036402043515812, -0.029704758212722223, 0.42648089900035102, -0.1923001868779792, -1.3385546345639243, 1.1025989902547, 1.3239469241229784, -1.1243093773292314, -0.023095753686724438, -0.77322702323727077, 0.35397820584741269, 0.1366819460279344, 0.32580791094504585, 0.14365179009288262, -0.10291625928140874]
[0.0095699595174573854, 0.080330187625555188, -0.40394070228139373, -0.19230018651289243, 2.6155646126658318, -1.5489675286274762, -4.821671424224319, 4.5967989114669434, 1.056790580106548, 0.46550724052838244, -1.1860233517113765, -1.3272004002443063, -0.66487499451348386, 0.30620123118917858, 0.79743712338457462, 0.92191631639263683]
[-0.026764998841030944, 0.068133806322702925, 0.43598823494757605, -1.3385546349527484, -1.5489675268833205, 6.9479061922102447, -0.87279786080345256, -10.812859101670171, 6.4304461838412159, -0.0060304744495681571, 3.4790933153063732, -1.2786081101064533, -0.63342207348603474, -1.3466756542828997, -0.68968019606510333, 0.35930070562643524]
[-0.0048903334347243617, -0.17738732972683321, 0.56502861076013011, 1.1025989896456747, -4.8216714250070458, -0.87279785703497348, 13.555653494720424, -4.9044524462850738, -12.08823016680534, 4.3305148263088649, 0.88409842604202338, 5.0720714526998689, 0.5488718771104234, -0.52900046503524689, -2.4752253244248137, -2.081839772036711]
[0.028696306329100627, 0.016077537052986091, -0.84482293073670556, 1.3239469252878482, 4.5967989078394975, -10.812859103457926, -4.9044524373341822, 23.834513127407988, -7.5034676605929205, -9.3835339053273437, -0.22777884190334755, 0.71805668160744862, 3.2907984552561014, 1.1369877009709159, 0.9221395687051176, -1.4177908061276274]
[-0.0039456636784614817, 0.030232852795829251, 0.10985173630133964, -1.1243093777027953, 1.0567905826694195, 6.430446182811278, -12.088230172620895, -7.5034676540186513, 27.524175940911508, -8.7002570602050842, -7.8709611564168593, -1.8248501782595863, 0.22051990243407005, 2.5565120395208654, 2.2990262178246699, 1.2763791843476033]
[0.0065162780068900973, 0.053977629430295888, -0.2400515525643242, -0.023095753957491603, 0.46550724308229047, -0.0060304754455915294, 4.3305148211261466, -9.3835339022829345, -8.7002570562772199, 28.721666605428108, -9.8042422220721619, -7.6229619003943894, -2.0862871233890719, 0.88148589719499426, 2.8211961366971341, 2.3721500301108902]
[-0.013730406667819531, 0.025724170789279424, 0.30628920582503244, -0.77322702249857012, -1.1860233536288682, 3.4790933137789422, 0.88409843273859101, -0.22777884309731103, -7.8709611641700112, -9.8042422173543429, 30.900357911243674, -10.084874519777971, -6.8938442479951476, -2.1485794440618156, 0.37727300941714842, 2.5843964081424695]
[-0.0038941329143819814, -0.019995027947070483, 0.10657088923035646, 0.35397820475635344, -1.3272003999756514, -1.2786081058589713, 5.0720714481916467, 0.71805667752545654, -1.8248501696562487, -7.6229619042893511, -10.084874519584019, 31.388852237325093, -9.60827901921947, -6.1788376547317618, -2.9365916130247287, 0.58091336953404316]
[-0.005055725896226158, -0.029253943120113261, 0.14699086424767252, 0.13668194628417157, -0.66487499586114607, -0.63342207303890008, 0.54887188059767611, 3.2907984513010167, 0.22051990069393096, -2.0862871184851528, -6.8938442499481694, -9.6082790197056447, 31.912575987054023, -9.8566017399381192, -7.3146845975305235, -3.1302906636632364]
[0.00444622019321425, -0.019606398615647322, -0.080804942679659972, 0.32580791134249304, 0.30620123177576641, -1.3466756563896938, -0.52900046541678258, 1.1369877050466912, 2.5565120381887474, 0.88148589505503938, -2.1485794435465144, -6.1788376541403291, -9.856601740181862, 30.995523388861159, -10.691608300780356, -7.6942680043883431]
[0.0048936993447576552, -0.012409618798963632, -0.1010353734191735, 0.14365179002917886, 0.79743712332224559, -0.68968019575809147, -2.4752253245183549, 0.92213956847760192, 2.2990262179627261, 2.8211961360415425, 0.37727301040798172, -2.9365916129740572, -7.3146845978031507, -10.691608301132614, 31.79648250334963, -10.101541496296884]
[0.0058020103805252361, 0.01788657729146146, -0.1473400609370589, -0.10291625930828151, 0.92191631677622943, 0.35930070518586382, -2.0818397725975881, -1.4177908045658467, 1.2763791836755791, 2.3721500290928947, 2.5843964090091456, 0.58091336960636697, -3.1302906635366048, -7.6942680045507599, -10.101541496491738, 31.196144076213443]
[[0.94815488697822337, 0.051845113021776655, -0.0079220520357806672, 0.00042487734531318196, -8.0203778354773874e-06], [-1080.8965711555772, 1080.8965711555772, -161.9688606792723, 8.5156398263463551, -0.15752343593428733], [3062.5402849408088, -3062.5402849408088, 468.41177192460594, -25.127646174648081, 0.47409417959159306], [-2901.353954154456, 2901.353954154456, -451.75852077068026, 24.699875323350867, -0.47545764382361544], [918.76208548224611, -918.76208548224611, 145.32353157738234, -8.0882938523944539, 0.15889492054414514]]
185 0.430103 2
[2.0836558684615527, -2.1388760601797103, -1.8593183775823683, 1.8503975296981612, 5.385098248455773, -1.2754509757322763, -8.25226856155626, -0.020741019540820225, 1.0547497388431175, 4.326884041548051, 2.754624276340891, 3.1936284249218163, 2.574261316591002, -0.05204320382404869, 1.8618031836785272, 0]
