======= GE ======
 Low-Q2:  [-2.02850863  0.99958523]
 Mid-Q2:  [ -2.07218870e+00   1.19719882e+00   1.11139440e+00  -4.15640059e-01
  -6.14618502e-01   2.35978812e-01   1.61210487e-01  -5.86506765e-02
  -2.48746709e-02   7.32769874e-03   2.31243831e-03  -4.55550713e-04
  -1.20577745e-04   1.12474523e-05   2.71037633e-06]
High-Q2:  [ 0.35589839  0.14937827]

======= GM ======
 Low-Q2:  [-0.19815248  0.99952486]
 Mid-Q2:  [ -2.17736304e+00   5.47556050e-02   7.88493899e-01   6.77327573e-01
  -1.35377405e-01  -3.17202961e-01  -1.79215366e-02   7.58466694e-02
   9.85703483e-03  -9.62161509e-03  -1.51891758e-03   6.16382160e-04
   1.07189042e-04  -1.57241824e-05  -2.93910221e-06]
High-Q2:  [ 0.2756556   0.16296522]
