======= GE ======
 Low-Q2:  [-2.02850863  0.99958523]
 Mid-Q2:  [ -2.03058170e+00   1.16414024e+00   9.13291984e-01  -2.88432005e-01
  -4.22823223e-01   1.26992956e-01   8.51862154e-02  -2.24556291e-02
  -9.33747748e-03   1.74662294e-03   5.47105917e-04  -5.04589415e-05
  -1.34992437e-05]
High-Q2:  [ 0.35589839  0.14937827]

======= GM ======
 Low-Q2:  [-0.19815248  0.99952486]
 Mid-Q2:  [ -2.20917234e+00   2.32528097e-01   9.54623793e-01   3.32518360e-01
  -2.81162001e-01  -1.00604138e-01   3.82010975e-02   1.49088103e-02
  -2.28936155e-03  -1.08441772e-03   2.07035783e-05   3.09700864e-05
   2.12510890e-06]
High-Q2:  [ 0.2756556   0.16296522]
