======= GE ======
 Low-Q2:  [-2.02850863  0.99958523]
 Mid-Q2:  [ -2.03739399e+00   1.20799881e+00   9.18500390e-01  -3.70475803e-01
  -4.08668694e-01   1.72713356e-01   7.53747058e-02  -3.36013397e-02
  -7.20614111e-03   3.10920351e-03   3.58029488e-04  -1.34000157e-04
  -7.53262211e-06   2.07287532e-06]
High-Q2:  [ 0.35589839  0.14937827]

======= GM ======
 Low-Q2:  [-0.19815248  0.99952486]
 Mid-Q2:  [ -2.21826320e+00   1.11070976e-01   1.01154831e+00   5.27111577e-01
  -3.56724117e-01  -2.00808452e-01   7.09502294e-02   3.85231226e-02
  -8.28420327e-03  -3.95026107e-03   5.09336642e-04   2.08068115e-04
  -1.25806958e-05  -4.46035770e-06]
High-Q2:  [ 0.2756556   0.16296522]
