1000.0 0.0779191396 -8.7496066175 5 -9.5652136 2 0 1e-14
43 6 33 7 7
0.683756116217 29.4015129973 1.02764825809 0.109112543741 0.088655770702 3.4822088055e-05
[-0.0078203261571189453, 0.079609567942324405, -0.31481643592348413, 0.71845797069136241, -1.3255360376138057, 2.0729045510934641, -1.8186423314023272, -0.20882856383293324, 1.9055477856707594, -1.4703042413793073, 0.36942806091106339]
0.746497019697 9.99972990442e-09
[1.2997685973067331e-05, -9.5319274459145439e-07, -0.00011801410178149941, 4.9007339360939009e-05, 0.00030268088925446628, -0.00018292173654300907]
[-9.5319274463790896e-07, 0.00027528776346667457, -0.00020342773721399859, -0.0016221789626289795, 0.0019335059053356533, 0.0025494268071977778]
[-0.0001180141017814649, -0.00020342773721439392, 0.0013928170072414303, 0.00037667408962593213, -0.0043278751872153614, 0.00082749164716258076]
[4.9007339361228016e-05, -0.0016221789626289184, 0.00037667408962342258, 0.011460303007413573, -0.011024488423769872, -0.019949278386934412]
[0.00030268088925411847, 0.0019335059053367692, -0.0043278751872132286, -0.011024488423777283, 0.022209761021906978, 0.015116427283587808]
[-0.00018292173654347422, 0.0025494268071973932, 0.00082749164716682433, -0.019949278386932633, 0.015116427283573769, 0.036776298908016369]
[[0.0059901836377342643, 0.99400981636226571, -0.31440918138148882, 0.036927875418743303, -0.001631023129697701], [-0.71882203652814469, 0.71882203652814469, 1.7291017657786707, -0.43134505024920422, 0.029056108897057231], [1.8869078458863804, -1.8869078458863804, -0.038892135169013325, 0.13228075690416172, -0.013772285854775293], [-1.6772514185656719, 1.6772514185656719, -2.9654292131830959, 0.66019488275185556, -0.043313523684644133], [0.50317542556970163, -0.50317542556970163, 1.589628763954928, -0.39805846482555651, 0.029660723772059895]]
114 0.104056 2
[2.077454290012852, -2.324633980393711, -1.4503585121762224, 3.766815697120554, 0.8568394564144588, 0]
