1000.0 0.0779191396 -0.7 5 -9.5652136 1 0 1e-14
41 6 38 8 0
0.596328296103 24.4494601402 0.0 0.0319231222929 0.00351691400316 1.87261908576e-07
[0.048946876193572159, -0.064441212494456723, -0.24223826721033856, 0.39191271365060693, 0.31054085187207842, -0.66731381365072462, -0.19976758411152451, 0.64922612782526845, -0.064268804064110618, -0.2617271892374724, 0.099130301227094542]
-0.116099956726 0.000100000095075
[9.6419981568595907e-05, -7.8335847055919941e-05, -0.0016377339163460162, 0.002170965897338241, 0.0065476993129184643, -0.013236913357901392]
[-7.8335847063979602e-05, 0.0017916862782242783, -0.00081006320753842218, -0.010520709700584501, 0.011645497048395348, 0.015642717463307806]
[-0.001637733916482453, -0.00081006320756443642, 0.038357708141121515, -0.036281809293864306, -0.17626651711254351, 0.30591927979643296]
[0.0021709658975859413, -0.010520709700604342, -0.036281809294999391, 0.10944368057506267, 0.11765783594122647, -0.44998458325717616]
[0.0065476993136510614, 0.011645497048347291, -0.17626651711572194, 0.11765783594090211, 0.85769199437955956, -1.3334089799902744]
[-0.013236913359623461, 0.015642717463600971, 0.30591927980695205, -0.44998458326194724, -1.3334089800066393, 2.8655924892186526]
[[0.20960834337965906, 0.79039165662034094, -0.24695570763597097, 0.028619709725592864, -0.0012457038888014807], [-25.153001205560042, 25.153001205560042, -6.3653150836837398, 0.56563483292888761, -0.017182200010490572], [66.026628164595152, -66.026628164595152, 21.208952094669847, -2.4847914364383321, 0.10760327502753758], [-58.690336146306819, 58.690336146306819, -21.852401861928762, 2.9864812768340729, -0.15120291113558892], [17.607100843892049, -17.607100843892049, 7.2557205585786289, -1.0959443830502218, 0.06202754000734334]]
34 0.025837 2
[-0.06405703288862262, -0.23959806764894298, 0.4058121262924151, 0.2514999864641697, -0.7121703123190098, 0]
