0.0 0.0779191396 -0.7 5 -9.5652136 1 0 1e-14
1 6 0 0 0
0.0 0.0 0.0 8.48603792356e-06 0.0 5.32514215641e-17
[0.0081311347015853973, -0.013541816851028997, -0.0031046805310037907, -0.0040612453233473608, -0.0013718008186468058, -0.00084121323772652992, -0.00021888921604133068, 0.51450585296394391, -1.2193935272145078, 1.0024130896567329, -0.28251690412995939]
-0.116099999999 0.000103738079442
[0.0, -0.0, -0.0, -0.0, -0.0, -0.0]
[-0.0, 0.0, -0.0, -0.0, -0.0, -0.0]
[-0.0, -0.0, 0.0, -0.0, -0.0, -0.0]
[-0.0, -0.0, -0.0, 0.0, -0.0, -0.0]
[-0.0, -0.0, -0.0, -0.0, 0.0, -0.0]
[-0.0, -0.0, -0.0, -0.0, -0.0, 0.0]
[[0.20960834337965906, 0.79039165662034094, -0.24695570763597097, 0.028619709725592864, -0.0012457038888014807], [-25.153001205560042, 25.153001205560042, -6.3653150836837398, 0.56563483292888761, -0.017182200010490572], [66.026628164595152, -66.026628164595152, 21.208952094669847, -2.4847914364383321, 0.10760327502753758], [-58.690336146306819, 58.690336146306819, -21.852401861928762, 2.9864812768340729, -0.15120291113558892], [17.607100843892049, -17.607100843892049, 7.2557205585786289, -1.0959443830502218, 0.06202754000734334]]
31 0.020392 2
[-0.06405703288862262, -0.23959806764894298, 0.4058121262924151, 0.2514999864641697, -0.7121703123190098, 0]
