1000.0 0.0779191396 -0.7 5 -9.5652136 2 0 1e-14
41 6 33 7 7
0.51945882451 21.2978118049 1.34195487346 2.48743467762 0.0 3.90516978021e-07
[-0.49544551425206018, 2.0900412691334087, -2.1834473418197375, -2.1567486141740555, 3.2176518371746359, 7.1945519883534939, -12.31590410965965, -5.3856924473506602, 23.324013480003543, -17.797101390035493, 4.5080808426265548]
0.746495892015 9.99998872624e-09
[0.00041781423929702758, -0.00045814954766957785, -0.0049119473715510354, 0.009605177523769803, 0.014782207233069262, -0.045220822799897711]
[-0.00045814954767292864, 0.0067749252958637053, -0.012914672274638926, -0.026715170263321351, 0.10366660277929901, -0.059108357429938516]
[-0.004911947371585206, -0.012914672274661778, 0.12979168533553775, -0.095694706363755752, -0.63051762997036043, 1.1017996355869339]
[0.0096051775238491077, -0.026715170263295122, -0.095694706364062646, 0.31548504853828685, 0.20052562361938414, -1.1876239974622664]
[0.014782207233257252, 0.10366660277933043, -0.63051762997130878, 0.20052562361989851, 3.4286038349543699, -5.1195677972775293]
[-0.045220822800435864, -0.059108357430006947, 1.1017996355900646, -1.1876239974646599, -5.1195677972798261, 10.311379458071885]
[[0.20960834337965906, 0.79039165662034094, -0.24695570763597097, 0.028619709725592864, -0.0012457038888014807], [-25.153001205560042, 25.153001205560042, -6.3653150836837398, 0.56563483292888761, -0.017182200010490572], [66.026628164595152, -66.026628164595152, 21.208952094669847, -2.4847914364383321, 0.10760327502753758], [-58.690336146306819, 58.690336146306819, -21.852401861928762, 2.9864812768340729, -0.15120291113558892], [17.607100843892049, -17.607100843892049, 7.2557205585786289, -1.0959443830502218, 0.06202754000734334]]
115 0.209591 2
[2.077454290012852, -2.324633980393711, -1.4503585121762224, 3.766815697120554, 0.8568394564144588, 0]
