1000.0 0.0779191396 -0.7 5 -9.5652136 1 0 1e-14
41 6 38 8 0
0.5882721963 24.1191600483 0.0 0.0173544311443 0.000943384706341 0.0
[0.048733417776593915, -0.064243413400688051, -0.22265707410416363, 0.34214351948595378, 0.11631426089516628, 0.065655026707551661, -0.49523288667923326, -0.95969437797061463, 2.6183595216738276, -1.9257565623557582, 0.47637856797135791]
-0.0357538996267 0.136071456797
[9.472118933023239e-05, -6.36586868290879e-05, -0.0016183664338551261, 0.0019655321557844208, 0.0066525365922493872, -0.012618857407721564]
[-6.3658686829079551e-05, 0.0024436998753195644, -0.0026477992926927222, -0.016945542527730641, 0.037042647154677963, 0.0048474732244954107]
[-0.0016183664338551358, -0.0026477992926926593, 0.041612868958956259, -0.016262838068943689, -0.23398291250223463, 0.311133233634457]
[0.0019655321557843935, -0.016945542527730787, -0.016262838068943797, 0.16980796615308516, -0.14378820806636636, -0.31771463497686392]
[0.0066525365922494341, 0.037042647154678254, -0.23398291250223408, -0.14378820806637166, 1.7506616632412659, -1.5944365436666632]
[-0.012618857407721555, 0.0048474732244953534, 0.31113323363445733, -0.31771463497685687, -1.5944365436666841, 2.7536851282320236]
[[0.20960834337965906, 0.79039165662034094, -0.24695570763597097, 0.028619709725592864, -0.0012457038888014807], [-25.153001205560042, 25.153001205560042, -6.3653150836837398, 0.56563483292888761, -0.017182200010490572], [66.026628164595152, -66.026628164595152, 21.208952094669847, -2.4847914364383321, 0.10760327502753758], [-58.690336146306819, 58.690336146306819, -21.852401861928762, 2.9864812768340729, -0.15120291113558892], [17.607100843892049, -17.607100843892049, 7.2557205585786289, -1.0959443830502218, 0.06202754000734334]]
34 0.026174 2
[-0.06405703288862262, -0.23959806764894298, 0.4058121262924151, 0.2514999864641697, -0.7121703123190098, 0]
