1000.0 0.0779191396 -0.7 5 -9.5652136 1 0 1e-14
39 6 38 8 0
0.624999395591 24.3749764281 0.0 0.0703615741611 0.0 1.97559862928e-07
[0.049061213791766062, -0.064863687508613571, -0.253725404550116, 0.4010886369892076, 0.4748930105233044, -0.76082393112928093, -0.85159083767494614, 1.2484669074225092, 0.65777653753601761, -1.3844850269968205, 0.48420258159697127]
-0.116099955552 0.000100000165145
[0.00010625216674423276, -3.5979621072789554e-05, -0.0018372613759899405, 0.0016097378493109219, 0.0076379655465402931, -0.011416694775805062]
[-3.5979620855830894e-05, 0.0044182288994131852, -0.0017386033434798997, -0.047252393340429008, 0.027441941149060647, 0.16248981932066503]
[-0.0018372613763018698, -0.0017386033396241004, 0.043025154225467432, -0.025150992388578042, -0.2020509417228803, 0.2741686802018633]
[0.0016097378472018867, -0.047252393342998952, -0.025150992347402024, 0.63129730298137776, -0.094861235120343113, -2.554566062701161]
[0.007637965549124816, 0.027441941132596806, -0.20205094174514193, -0.094861234929689231, 1.0473978382001377, -0.54369323207628528]
[-0.011416694769810044, 0.16248981934192613, 0.27416868006475492, -2.5545660628368205, -0.54369323136810188, 11.413899334388272]
[[0.20960834337965906, 0.79039165662034094, -0.24695570763597097, 0.028619709725592864, -0.0012457038888014807], [-25.153001205560042, 25.153001205560042, -6.3653150836837398, 0.56563483292888761, -0.017182200010490572], [66.026628164595152, -66.026628164595152, 21.208952094669847, -2.4847914364383321, 0.10760327502753758], [-58.690336146306819, 58.690336146306819, -21.852401861928762, 2.9864812768340729, -0.15120291113558892], [17.607100843892049, -17.607100843892049, 7.2557205585786289, -1.0959443830502218, 0.06202754000734334]]
43 0.045077 2
[-0.06405703288862262, -0.23959806764894298, 0.4058121262924151, 0.2514999864641697, -0.7121703123190098, 0]
