1000.0 0.0779191396 -8.7496066175 5 -9.5652136 1 0 1e-14
41 6 38 8 0
0.594263660793 24.3648100925 0.0 0.0238083587921 0.00495099994767 4.10569466838e-07
[0.0036807391736182749, -0.027927714571058464, 0.046480207865557829, -0.082845434956262287, 0.26920967210571267, -0.12038679893151175, -0.70600170526149741, 0.8446192743793639, 0.14594809175143597, -0.59245280239898435, 0.21967647084362607]
-0.116099935924 9.99996281298e-05
[0.00035771494117019568, 0.00015290391381248062, -0.0030018670678131588, -0.00080086232984222954, 0.0094045677624872304, -0.00054270913222773315]
[0.0001529039137727776, 0.0010400942832369073, -0.0020264503424566407, -0.004191366315193846, 0.0085557901533598203, 0.0047168529628407209]
[-0.0030018670677821628, -0.0020264503427765081, 0.025847402955525359, 0.0097589296606359396, -0.082834033146095915, 0.00067980185064514585]
[-0.00080086232967580917, -0.004191366315211712, 0.0097589296593091381, 0.017848203793531386, -0.040397898666083149, -0.020023341936472948]
[0.009404567762287961, 0.0085557901543183781, -0.082834033145238878, -0.04039789867001134, 0.27178411971222055, 0.011219481916887201]
[-0.00054270913244900451, 0.0047168529626862368, 0.00067980185254840433, -0.020023341935725841, 0.011219481910769751, 0.029449866794856894]
[[0.0059901836377342643, 0.99400981636226571, -0.31440918138148882, 0.036927875418743303, -0.001631023129697701], [-0.71882203652814469, 0.71882203652814469, 1.7291017657786707, -0.43134505024920422, 0.029056108897057231], [1.8869078458863804, -1.8869078458863804, -0.038892135169013325, 0.13228075690416172, -0.013772285854775293], [-1.6772514185656719, 1.6772514185656719, -2.9654292131830959, 0.66019488275185556, -0.043313523684644133], [0.50317542556970163, -0.50317542556970163, 1.589628763954928, -0.39805846482555651, 0.029660723772059895]]
46 0.032016 2
[-0.06405703288862262, -0.23959806764894298, 0.4058121262924151, 0.2514999864641697, -0.7121703123190098, 0]
