1000.0 0.0779191396 -0.7 5 -9.5652136 2 0 1e-14
43 6 33 7 7
0.544568047727 23.4164260523 1.36607398952 1.33833767692 0.653796268076 7.63462445099e-08
[-0.49495016676783843, 2.0743913894914736, -2.1780982012712746, -1.8056532233324794, 2.6350612807351257, 5.6703247989987071, -8.4288326196604952, -5.3726377433623398, 16.961876555473665, -11.908163745869913, 2.8466816755653213]
0.746495952254 9.99999912643e-09
[0.00035729453030863476, -0.00045398715189076449, -0.0033361015532560744, 0.0070693322133686632, 0.0076186743535092321, -0.027351153130480362]
[-0.00045398715189379842, 0.0070897357114414611, -0.014128721747039524, -0.026990688893219129, 0.1112244111973387, -0.0686244715511726]
[-0.0033361015531977621, -0.014128721747147325, 0.0953327030822545, -0.032952897492167899, -0.48401836752568772, 0.70465363002475523]
[0.0070693322132982196, -0.026990688893060624, -0.032952897492704761, 0.21894460864215637, -0.08231691512648838, -0.49891375491264145]
[0.007618674353167338, 0.11122441119786848, -0.48401836752372518, -0.082316915132006147, 2.8253324694163675, -3.4106737933987268]
[-0.027351153129763942, -0.06862447155238946, 0.70465363002265669, -0.49891375490350681, -3.4106737934105338, 5.8257412620406566]
[[0.20960834337965906, 0.79039165662034094, -0.24695570763597097, 0.028619709725592864, -0.0012457038888014807], [-25.153001205560042, 25.153001205560042, -6.3653150836837398, 0.56563483292888761, -0.017182200010490572], [66.026628164595152, -66.026628164595152, 21.208952094669847, -2.4847914364383321, 0.10760327502753758], [-58.690336146306819, 58.690336146306819, -21.852401861928762, 2.9864812768340729, -0.15120291113558892], [17.607100843892049, -17.607100843892049, 7.2557205585786289, -1.0959443830502218, 0.06202754000734334]]
78 0.108337 2
[2.077454290012852, -2.324633980393711, -1.4503585121762224, 3.766815697120554, 0.8568394564144588, 0]
