1.0 0.0779191396 -0.7 5 -9.5652136 2 0 1e-14
20 6 15 4 4
0.313256124515 6.2651224903 0.667139187856 0.112974989982 0.0 1.91792027868e-07
[-0.50215676872594406, 2.0084103808374971, -1.8366419228212154, -0.2183585793247832, 0.19034216288188524, -0.78585455056890818, 1.4926527139496402, 0.12792960337171211, 1.9694928559798548, -4.3386459047549799, 1.8928300091752632]
0.746495924324 1.00001773339e-08
[0.0024685735338421961, 0.012564677531044914, -0.00056711933104685111, -0.043500215638651529, -0.017006434457441738, 0.017564676505576204]
[0.012564677553387133, 0.12857601581053707, 0.20142584702665389, -0.42153445150354657, -1.0646484994506153, 0.39510926430258686]
[-0.00056711924767593948, 0.20142584745614645, 0.96505766475433052, -0.25791495447953328, -4.9603004890775892, -0.048100314850905504]
[-0.043500215716276762, -0.42153445150489449, -0.25791495299235528, 2.4562974200419356, 1.0839670989607193, -6.104218270319099]
[-0.01700643486671476, -1.0646485013799214, -4.9603004884092732, 1.0839671056390978, 25.925890810274268, 1.7563096292510942]
[0.017564676701189826, 0.39510926513903416, -0.04810031548995175, -6.1042182732133901, 1.7563096308200925, 25.707746072028897]
[[0.20960834337965906, 0.79039165662034094, -0.24695570763597097, 0.028619709725592864, -0.0012457038888014807], [-25.153001205560042, 25.153001205560042, -6.3653150836837398, 0.56563483292888761, -0.017182200010490572], [66.026628164595152, -66.026628164595152, 21.208952094669847, -2.4847914364383321, 0.10760327502753758], [-58.690336146306819, 58.690336146306819, -21.852401861928762, 2.9864812768340729, -0.15120291113558892], [17.607100843892049, -17.607100843892049, 7.2557205585786289, -1.0959443830502218, 0.06202754000734334]]
116 0.091441 2
[2.077454290012852, -2.324633980393711, -1.4503585121762224, 3.766815697120554, 0.8568394564144588, 0]
