1.0 0.0779191396 -0.7 5 -9.5652136 1 0 1e-14
30 6 29 6 0
0.480290654685 14.4087196405 0.0 0.157201097527 0.0 3.1502349857e-07
[0.04917473412661795, -0.042479694364355877, -0.087177413195115017, 0.54344686978868229, -0.36387746417232786, -1.548993654228267, 1.0457056767180639, 2.1132840465913807, -1.32099842989498, -1.168583805627943, 0.78049913425824502]
-0.116099943873 0.000100001285773
[0.00048482800965205945, 0.0021020569681639424, -0.00053063641253981006, -0.0082792360490105913, -0.0014937953743720221, 0.007663515619762043]
[0.0021020569580487312, 0.031641417976665968, 0.078259270380999765, -0.101256461517748, -0.4032067634647985, 0.15329890846275016]
[-0.00053063645486443563, 0.078259270186420829, 0.37478338781854903, -0.083811250994854161, -1.9267507037426774, -0.10090085306564028]
[-0.0082792360239145341, -0.1012564615816802, -0.083811251745126797, 0.76981171643477819, 0.30775470284046863, -2.5037998278806985]
[-0.0014937951608048588, -0.40320676256999338, -1.9267507041068177, 0.3077546992705541, 10.014265968835325, 1.145455075029663]
[0.0076635155704782784, 0.15329890840899063, -0.1009008523424952, -2.5037998274357975, 1.1454550718047005, 10.513102120566334]
[[0.20960834337965906, 0.79039165662034094, -0.24695570763597097, 0.028619709725592864, -0.0012457038888014807], [-25.153001205560042, 25.153001205560042, -6.3653150836837398, 0.56563483292888761, -0.017182200010490572], [66.026628164595152, -66.026628164595152, 21.208952094669847, -2.4847914364383321, 0.10760327502753758], [-58.690336146306819, 58.690336146306819, -21.852401861928762, 2.9864812768340729, -0.15120291113558892], [17.607100843892049, -17.607100843892049, 7.2557205585786289, -1.0959443830502218, 0.06202754000734334]]
34 0.023023 2
[-0.06405703288862262, -0.23959806764894298, 0.4058121262924151, 0.2514999864641697, -0.7121703123190098, 0]
