1000.0 0.0779191396 -0.7 5 -9.5652136 2 0 1e-14
43 6 33 7 7
0.534409115586 22.9795919702 1.30994777931 1.48279394979 0.832784606044 0.0
[-0.49513295786835665, 2.0689819405285377, -2.1356080791475747, -1.8105709389524509, 2.080258774417115, 6.9605292822401559, -8.4124674497613583, -8.9750912762926855, 22.207553267970312, -15.0348086459461, 3.5463560828123661]
0.641643397837 0.02571481677
[0.00044458197840778067, -0.0011856449718114924, -0.0031844867400822475, 0.016584368181664529, -0.0149640931935819, -0.02712034097535114]
[-0.0011856449718121674, 0.012771113917269762, -0.014521570604961091, -0.10235356047922792, 0.2853093411487464, -0.064726224607214902]
[-0.0031844867400804269, -0.014521570604973822, 0.093502282410712109, -0.023519695004422778, -0.49457837978518238, 0.69003695294877165]
[0.016584368181669511, -0.10235356047920763, -0.023519695004571472, 1.2044968171398531, -2.3806303714024981, -0.52119848038820482]
[-0.014964093193604453, 0.28530934114878886, -0.49457837978486846, -2.3806303714034946, 8.1113258463173334, -3.265753544796691]
[-0.027120340975337092, -0.064726224607328575, 0.69003695294881195, -0.52119848038694094, -3.2657535447996313, 5.7077222276208932]
[[0.20960834337965906, 0.79039165662034094, -0.24695570763597097, 0.028619709725592864, -0.0012457038888014807], [-25.153001205560042, 25.153001205560042, -6.3653150836837398, 0.56563483292888761, -0.017182200010490572], [66.026628164595152, -66.026628164595152, 21.208952094669847, -2.4847914364383321, 0.10760327502753758], [-58.690336146306819, 58.690336146306819, -21.852401861928762, 2.9864812768340729, -0.15120291113558892], [17.607100843892049, -17.607100843892049, 7.2557205585786289, -1.0959443830502218, 0.06202754000734334]]
80 0.086889 2
[2.077454290012852, -2.324633980393711, -1.4503585121762224, 3.766815697120554, 0.8568394564144588, 0]
