1000.0 0.0779191396 -0.7 5 -9.5652136 1 0 1e-14
45 6 38 8 0
0.53804292657 24.2119316956 0.0 0.0184946776676 0.0254792163123 0.0165658600451
[0.048845832902565854, -0.066236875661919506, -0.23101839780207997, 0.41172471006333583, 0.14217803952293159, -0.46119831662772115, 0.046630449394614283, -0.18903638976680281, 0.77540031670779852, -0.6435421517877189, 0.16625278305499669]
-0.0683029638174 0.100714068686
[7.0074805313653416e-05, -0.00011038518037752834, -0.00094453390075023742, 0.001894317225714636, 0.0022572342270191221, -0.0074244971920115555]
[-0.00011038518037750954, 0.0017849265966543054, -0.00019985811416765935, -0.012844608555327116, 0.014628207391937027, 0.018876532260934352]
[-0.00094453390075026485, -0.00019985811416724545, 0.019695470507229564, -0.022375160719704364, -0.076247418877371922, 0.14780839189512901]
[0.0018943172257145041, -0.012844608555327599, -0.022375160719700554, 0.13558588818423889, -0.050442654820724062, -0.32695825344845697]
[0.0022572342270194804, 0.01462820739193527, -0.076247418877377154, -0.05044265482070194, 0.52904180506147847, -0.4580127714907834]
[-0.0074244971920115563, 0.018876532260937696, 0.14780839189512388, -0.32695825344848184, -0.45801277149071934, 1.4715384750270386]
[[0.20960834337965906, 0.79039165662034094, -0.24695570763597097, 0.028619709725592864, -0.0012457038888014807], [-25.153001205560042, 25.153001205560042, -6.3653150836837398, 0.56563483292888761, -0.017182200010490572], [66.026628164595152, -66.026628164595152, 21.208952094669847, -2.4847914364383321, 0.10760327502753758], [-58.690336146306819, 58.690336146306819, -21.852401861928762, 2.9864812768340729, -0.15120291113558892], [17.607100843892049, -17.607100843892049, 7.2557205585786289, -1.0959443830502218, 0.06202754000734334]]
52 0.071581 2
[-0.06405703288862262, -0.23959806764894298, 0.4058121262924151, 0.2514999864641697, -0.7121703123190098, 0]
