1000.0 0.0779191396 -8.7496066175 5 -9.5652136 2 0 1e-14
47 6 33 7 7
0.62555904202 29.4012749749 1.02707863055 0.109106273463 0.0401578669386 0.0235960851852
[-0.0078221537729736279, 0.07960474874095981, -0.31474773293667985, 0.71848407838536521, -1.3260941415095242, 2.0733237743858455, -1.8176013494345726, -0.21015965644740309, 1.9052582859775919, -1.4693141138898094, 0.36906826050119479]
0.74649703029 9.99973532944e-09
[1.1889354870819649e-05, -8.9446152524916581e-07, -0.00010793677205880922, 4.4982940874427235e-05, 0.00027669351432903466, -0.0001675832786156254]
[-8.9446152521444783e-07, 0.00025144638683163948, -0.00018568291349504448, -0.0014812764532371829, 0.0017651736019689281, 0.0023277681886740955]
[-0.00010793677205882286, -0.00018568291349472241, 0.0012737149855162186, 0.00034173026342263906, -0.0039553461553837399, 0.00076168765719610086]
[4.4982940874173389e-05, -0.0014812764532373215, 0.00034173026342503341, 0.010465266244225354, -0.010060373562870295, -0.018218916113319352]
[0.00027669351432929471, 0.0017651736019681152, -0.0039553461553858207, -0.010060373562863349, 0.020284424404406549, 0.013787609460964675]
[-0.00016758327861518351, 0.0023277681886746172, 0.00076168765719180926, -0.018218916113321371, 0.013787609460978878, 0.033592429680218708]
[[0.0059901836377342643, 0.99400981636226571, -0.31440918138148882, 0.036927875418743303, -0.001631023129697701], [-0.71882203652814469, 0.71882203652814469, 1.7291017657786707, -0.43134505024920422, 0.029056108897057231], [1.8869078458863804, -1.8869078458863804, -0.038892135169013325, 0.13228075690416172, -0.013772285854775293], [-1.6772514185656719, 1.6772514185656719, -2.9654292131830959, 0.66019488275185556, -0.043313523684644133], [0.50317542556970163, -0.50317542556970163, 1.589628763954928, -0.39805846482555651, 0.029660723772059895]]
86 0.140587 2
[2.077454290012852, -2.324633980393711, -1.4503585121762224, 3.766815697120554, 0.8568394564144588, 0]
