1000.0 0.0779191396 -0.7 5 -9.5652136 2 0 1e-14
47 6 33 7 7
0.545790167801 25.6521378866 1.44205930628 0.786564098989 0.30228364494 0.186409116547
[-0.49369715080514542, 2.0763180749203123, -2.2808989593391469, -1.5531629930541335, 3.3797963394058672, 2.4535891520087496, -6.5265855377533972, 0.89851012600739999, 5.1816610420561418, -4.1297926477391371, 0.99426255429239774]
0.899713347404 0.00616335287028
[0.00039781870427805762, -0.00069268472848486298, -0.0035855666603352692, 0.011336446201130721, -0.0011074249817780712, -0.029099361207380579]
[-0.0006926847284849495, 0.0058469959154035574, -0.0051137237498499171, -0.035161398788300803, 0.078051701862378739, -0.00037916316549257924]
[-0.0035855666603349669, -0.0051137237498517247, 0.075269608395460499, -0.10597131827098544, -0.19399464773101419, 0.55139873819886442]
[0.011336446201130841, -0.035161398788297549, -0.10597131827100045, 0.54191787283866399, -0.41232565791132059, -1.0595604466376314]
[-0.0011074249817800818, 0.078051701862384082, -0.19399464773098843, -0.41232565791141185, 1.8830437852669355, -1.1762657010667708]
[-0.029099361207378289, -0.0003791631655090783, 0.55139873819887419, -1.0595604466375099, -1.1762657010670401, 4.6411922262329837]
[[0.20960834337965906, 0.79039165662034094, -0.24695570763597097, 0.028619709725592864, -0.0012457038888014807], [-25.153001205560042, 25.153001205560042, -6.3653150836837398, 0.56563483292888761, -0.017182200010490572], [66.026628164595152, -66.026628164595152, 21.208952094669847, -2.4847914364383321, 0.10760327502753758], [-58.690336146306819, 58.690336146306819, -21.852401861928762, 2.9864812768340729, -0.15120291113558892], [17.607100843892049, -17.607100843892049, 7.2557205585786289, -1.0959443830502218, 0.06202754000734334]]
94 0.146759 2
[2.077454290012852, -2.324633980393711, -1.4503585121762224, 3.766815697120554, 0.8568394564144588, 0]
