1000.0 0.0779191396 -8.7496066175 5 -9.5652136 1 0 1e-14
45 6 38 8 0
0.541426774538 24.3642048542 0.0 0.0233715065519 0.0268353495594 0.0130693369202
[0.0037159856488738763, -0.026993279757752599, 0.047565069503990122, -0.091267424215310436, 0.26411215917680148, -0.092050741170500633, -0.70337634059694065, 0.80400276765536915, 0.15640744415803476, -0.5716060032964414, 0.20949036289387646]
-0.116099951277 0.00010000260968
[0.00031252805524220498, 0.00012519573229339027, -0.0026154416889109808, -0.00066292252027171702, 0.0081699609165754774, -0.00052342731712637142]
[0.00012519573226356615, 0.00093208522264643778, -0.001719710066007936, -0.0037454854783093841, 0.0073714641015616977, 0.0042630424544057672]
[-0.0026154416888873565, -0.0017197100662480066, 0.022481299041747713, 0.0082929695803138827, -0.071907740549452231, 0.00088115809518352572]
[-0.0006629225201492888, -0.0037454854783235728, 0.008292969579339636, 0.015916051933204618, -0.034804196126253212, -0.018081563857301895]
[0.008169960916427731, 0.0073714641022819289, -0.071907740548833476, -0.034804196129139459, 0.2357385825729541, 0.0093389716773584815]
[-0.00052342731728659113, 0.0042630424542916484, 0.00088115809656360742, -0.018081563856757216, 0.0093389716729240183, 0.026745492004003887]
[[0.0059901836377342643, 0.99400981636226571, -0.31440918138148882, 0.036927875418743303, -0.001631023129697701], [-0.71882203652814469, 0.71882203652814469, 1.7291017657786707, -0.43134505024920422, 0.029056108897057231], [1.8869078458863804, -1.8869078458863804, -0.038892135169013325, 0.13228075690416172, -0.013772285854775293], [-1.6772514185656719, 1.6772514185656719, -2.9654292131830959, 0.66019488275185556, -0.043313523684644133], [0.50317542556970163, -0.50317542556970163, 1.589628763954928, -0.39805846482555651, 0.029660723772059895]]
81 0.118736 2
[-0.06405703288862262, -0.23959806764894298, 0.4058121262924151, 0.2514999864641697, -0.7121703123190098, 0]
