1000.0 0.0779191396 -0.7 5 -9.5652136 1 0 1e-14
45 6 38 8 0
0.543356797705 24.4510558967 0.0 0.0310134284587 0.015873611139 0.00222263688683
[0.048920006537831642, -0.064524528576285406, -0.24082987569367004, 0.39210556453385176, 0.30050903352026981, -0.66200940974495093, -0.17568254351947052, 0.62508149715095462, -0.078188236934801481, -0.23572425028156552, 0.09034274300784384]
-0.116099952861 0.00010000087269
[6.3741333927811928e-05, -7.0414530183489932e-05, -0.00087420407059808094, 0.0012541007441868783, 0.0031182253164120152, -0.0065680817020660901]
[-7.0414530156800263e-05, 0.0015716588498694061, -0.00067914564665952804, -0.0092202537595358399, 0.010069671663713793, 0.013750434670637893]
[-0.00087420407058449675, -0.00067914564630838629, 0.018999115087721292, -0.014984332225609012, -0.086740056412395017, 0.13846941865277165]
[0.0012541007439815617, -0.0092202537598342679, -0.014984332223059697, 0.076176419724624536, 0.025428521352022473, -0.24392139483897041]
[0.003118225316417516, 0.010069671662401476, -0.086740056413135314, 0.025428521362179071, 0.43823821292301562, -0.56993594333593411]
[-0.0065680817014310911, 0.013750434672687687, 0.13846941864546078, -0.24392139484763853, -0.56993594330429032, 1.3611736115965205]
[[0.20960834337965906, 0.79039165662034094, -0.24695570763597097, 0.028619709725592864, -0.0012457038888014807], [-25.153001205560042, 25.153001205560042, -6.3653150836837398, 0.56563483292888761, -0.017182200010490572], [66.026628164595152, -66.026628164595152, 21.208952094669847, -2.4847914364383321, 0.10760327502753758], [-58.690336146306819, 58.690336146306819, -21.852401861928762, 2.9864812768340729, -0.15120291113558892], [17.607100843892049, -17.607100843892049, 7.2557205585786289, -1.0959443830502218, 0.06202754000734334]]
65 0.074062 2
[-0.06405703288862262, -0.23959806764894298, 0.4058121262924151, 0.2514999864641697, -0.7121703123190098, 0]
