1.0 0.0779191396 -0.7 5 -9.5652136 1 0 1e-14
34 6 29 6 0
0.428342468774 14.5636439383 0.0 0.0505502215463 0.0 0.00452318138519
[0.049350759384328077, -0.0428664777704265, -0.13053323294949498, 0.35747969411265651, -0.25977563466131148, -0.59888960527257196, 0.83122512441997076, 0.33627300609725519, -0.64037321850554907, -0.065672533731898852, 0.16378211887704719]
-0.11609993513 9.99999123723e-05
[0.00042431103036516061, 0.0017247847183245067, -0.0011713295844138197, -0.0079479711921140415, 0.0025590581676571246, 0.010994290807220581]
[0.0017247847171886488, 0.015997805559705997, 0.014620364607188871, -0.075822068538495158, -0.072904717109104983, 0.15048600934867257]
[-0.0011713295842307673, 0.014620364604797813, 0.073275414956242776, -0.057068702752872354, -0.34860884110899382, 0.2029478737323053]
[-0.0079479711821295318, -0.075822068519185631, -0.057068702777003807, 0.40833882725332094, 0.26302020222160066, -0.943917722864413]
[0.0025590581625525221, -0.072904717123006738, -0.3486088410960077, 0.26302020225701406, 1.7174794152284052, -0.90504489673179478]
[0.010994290776978631, 0.150486009255176, 0.20294787381104282, -0.94391772255665829, -0.90504489678189226, 2.8137119514981421]
[[0.20960834337965906, 0.79039165662034094, -0.24695570763597097, 0.028619709725592864, -0.0012457038888014807], [-25.153001205560042, 25.153001205560042, -6.3653150836837398, 0.56563483292888761, -0.017182200010490572], [66.026628164595152, -66.026628164595152, 21.208952094669847, -2.4847914364383321, 0.10760327502753758], [-58.690336146306819, 58.690336146306819, -21.852401861928762, 2.9864812768340729, -0.15120291113558892], [17.607100843892049, -17.607100843892049, 7.2557205585786289, -1.0959443830502218, 0.06202754000734334]]
42 0.049071 2
[-0.06405703288862262, -0.23959806764894298, 0.4058121262924151, 0.2514999864641697, -0.7121703123190098, 0]
