1000.0 0.0779191396 -0.7 5 -9.5652136 2 0 1e-14
45 6 33 7 7
0.56797746162 25.5589857729 1.31275995924 0.680230248935 0.0 0.108994625361
[-0.49304187766848928, 2.0682106736810897, -2.2708894481016082, -1.4063251485731945, 2.7218314754808399, 3.3292334215495902, -5.6861385321574316, -3.1578915717238125, 10.319732469852568, -7.0704777181565532, 1.645756255817048]
0.746496212749 9.9999975617e-09
[0.00038063182739442032, -0.00070722885938142655, -0.0030869959359065644, 0.0085797584124693467, 0.0048368434150192832, -0.028600012182723466]
[-0.00070722885940270131, 0.0062043456787577349, -0.0057759146437902312, -0.033130298124553925, 0.068718560276870566, 0.0064560104771114657]
[-0.0030869959358789749, -0.0057759146440266316, 0.066212218836264533, -0.051313811848484714, -0.30307921483122519, 0.53076681245075907]
[0.0085797584125813092, -0.0331302981242605, -0.05131381185011262, 0.2938880658684217, -0.0387331474873263, -0.80178447442457501]
[0.0048368434148096133, 0.068718560277602175, -0.30307921482984268, -0.038733147494088925, 1.7625336158459426, -2.1814938993739879]
[-0.028600012182829437, 0.0064560104755312644, 0.53076681245400115, -0.80178447441770062, -2.1814938993933115, 5.238602308110532]
[[0.20960834337965906, 0.79039165662034094, -0.24695570763597097, 0.028619709725592864, -0.0012457038888014807], [-25.153001205560042, 25.153001205560042, -6.3653150836837398, 0.56563483292888761, -0.017182200010490572], [66.026628164595152, -66.026628164595152, 21.208952094669847, -2.4847914364383321, 0.10760327502753758], [-58.690336146306819, 58.690336146306819, -21.852401861928762, 2.9864812768340729, -0.15120291113558892], [17.607100843892049, -17.607100843892049, 7.2557205585786289, -1.0959443830502218, 0.06202754000734334]]
74 0.141216 2
[2.077454290012852, -2.324633980393711, -1.4503585121762224, 3.766815697120554, 0.8568394564144588, 0]
