1000.0 0.0779191396 -0.7 5 -9.5652136 2 0 1e-14
47 6 33 7 7
0.554203059667 26.0475438043 1.32630839409 0.581471500739 1.09183472789 0.409060715816
[-0.49310269090862408, 2.0652073662331643, -2.2615681356224031, -1.3602022337626483, 2.5789364221088618, 3.1803264398321676, -5.0205021294138721, -3.3501864008469395, 9.4165718620066272, -6.1177054013254235, 1.3622249016990544]
0.746496206324 9.9999875159e-09
[0.00033890344755998115, -0.00059060494460170393, -0.0025106609775134708, 0.0068334003996345684, 0.0030906852034132399, -0.020710599813067106]
[-0.00059060494457267832, 0.005743394167252551, -0.0071626100009478813, -0.027577561852247752, 0.071972531529151632, -0.015797451750717176]
[-0.0025106609775828711, -0.0071626100006028804, 0.056852243618416884, -0.026379014071215432, -0.27047760238952023, 0.40688385051848613]
[0.006833400399531021, -0.027577561852667545, -0.026379014068981584, 0.21365653443950208, -0.1145032377142535, -0.4411286178609497]
[0.0030906852038820819, 0.071972531528018302, -0.27047760239238305, -0.11450323770343381, 1.6372818000075935, -1.7682940793762403]
[-0.020710599813344048, -0.015797451748336206, 0.40688385051608822, -0.44112861787344482, -1.7682940793486164, 3.5164295014226403]
[[0.20960834337965906, 0.79039165662034094, -0.24695570763597097, 0.028619709725592864, -0.0012457038888014807], [-25.153001205560042, 25.153001205560042, -6.3653150836837398, 0.56563483292888761, -0.017182200010490572], [66.026628164595152, -66.026628164595152, 21.208952094669847, -2.4847914364383321, 0.10760327502753758], [-58.690336146306819, 58.690336146306819, -21.852401861928762, 2.9864812768340729, -0.15120291113558892], [17.607100843892049, -17.607100843892049, 7.2557205585786289, -1.0959443830502218, 0.06202754000734334]]
80 0.143382 2
[2.077454290012852, -2.324633980393711, -1.4503585121762224, 3.766815697120554, 0.8568394564144588, 0]
