1000.0 0.0779191396 -0.7 5 -9.5652136 1 0 1e-14
43 6 38 8 0
0.568364404891 24.4396694103 0.0 0.0339534239568 0.0 0.0201255824708
[0.048923356082093805, -0.064823441369556992, -0.24165816410273316, 0.39904211327940836, 0.3117868914500746, -0.69831822423823009, -0.20528233225856227, 0.70932331258040648, -0.071259991939836453, -0.30930292096548939, 0.12156940148243356]
-0.116099953239 0.000100000571482
[8.2349038445005677e-05, 1.2657692037903841e-05, -0.0012782636248220717, 0.00024897758900606701, 0.0053310646199401443, -0.0036056356134499283]
[1.2657692022165772e-05, 0.0022661679253949706, -0.0027137600244522618, -0.017111660276819901, 0.022492235596989273, 0.038225322366948616]
[-0.001278263624876009, -0.0027137600247049147, 0.028318614885698493, 0.0089951775159308883, -0.13876473241487941, 0.069066851769588031]
[0.00024897758938613869, -0.017111660276714818, 0.008995177510194614, 0.16949480660766358, -0.11991769549514068, -0.54097600360115583]
[0.0053310646201550696, 0.022492235598041737, -0.13876473241472381, -0.11991769551909244, 0.73376999327263415, -0.14263491791915472]
[-0.003605635615433892, 0.038225322365959338, 0.069066851798019552, -0.54097600359053255, -0.14263491803815204, 2.3379459630072006]
[[0.20960834337965906, 0.79039165662034094, -0.24695570763597097, 0.028619709725592864, -0.0012457038888014807], [-25.153001205560042, 25.153001205560042, -6.3653150836837398, 0.56563483292888761, -0.017182200010490572], [66.026628164595152, -66.026628164595152, 21.208952094669847, -2.4847914364383321, 0.10760327502753758], [-58.690336146306819, 58.690336146306819, -21.852401861928762, 2.9864812768340729, -0.15120291113558892], [17.607100843892049, -17.607100843892049, 7.2557205585786289, -1.0959443830502218, 0.06202754000734334]]
41 0.045889 2
[-0.06405703288862262, -0.23959806764894298, 0.4058121262924151, 0.2514999864641697, -0.7121703123190098, 0]
