1.0 0.0779191396 -0.7 5 -9.5652136 2 0 1e-14
24 6 15 4 4
0.260925613826 6.26221473183 0.640448432771 0.175447691534 0.0 0.0155097165059
[-0.50207065813935281, 2.0022941640992631, -1.8677804551012298, -0.22365736496562469, 0.049801198151547196, -0.66785281612622582, 2.8383048347453634, -1.191232688900457, -0.019373636971977248, -1.192412806544958, 0.77398022975366132]
0.746495959385 1.0047395404e-08
[0.0018832084362298204, 0.0087209474530155623, -0.0051874393110243793, -0.039016359989111113, 0.012922494918800209, 0.050898491498099857]
[0.0087209474606255825, 0.069912515871229597, 0.022729246241871785, -0.32793649077835318, -0.11306165556453034, 0.53682485979066541]
[-0.0051874392941633866, 0.022729246340923447, 0.17642582308090515, -0.089704604319295639, -0.81598599255141202, 0.42325918327508288]
[-0.039016360029116876, -0.32793649080594739, -0.089704603859721913, 1.6533119509953564, 0.37015267201511809, -3.0543516869014935]
[0.012922494847259335, -0.11306165594809457, -0.81598599247007397, 0.37015267377209304, 4.0201692007290788, -1.8258133285781759]
[0.050898491602981613, 0.53682486007068686, 0.42325918253037709, -3.0543516879932531, -1.8258133259243632, 7.5423059709842901]
[[0.20960834337965906, 0.79039165662034094, -0.24695570763597097, 0.028619709725592864, -0.0012457038888014807], [-25.153001205560042, 25.153001205560042, -6.3653150836837398, 0.56563483292888761, -0.017182200010490572], [66.026628164595152, -66.026628164595152, 21.208952094669847, -2.4847914364383321, 0.10760327502753758], [-58.690336146306819, 58.690336146306819, -21.852401861928762, 2.9864812768340729, -0.15120291113558892], [17.607100843892049, -17.607100843892049, 7.2557205585786289, -1.0959443830502218, 0.06202754000734334]]
85 0.099882 2
[2.077454290012852, -2.324633980393711, -1.4503585121762224, 3.766815697120554, 0.8568394564144588, 0]
