======= GEp ======
 Low-Q2:  [-0.99878444  0.99940008]
 Mid-Q2:  [ -2.13105587e+00   1.16138299e-01   1.01276336e+00   8.78167081e-01
  -7.62837146e-01  -4.60332603e-01   2.79720371e-01   1.23854368e-01
  -5.48368445e-02  -1.90272913e-02   5.87175436e-03   1.70601160e-03
  -3.25069172e-04  -8.38505692e-05   7.30117017e-06   1.75443412e-06]
High-Q2:  [-0.25667247  0.24260964]

======= GMp ======
 Low-Q2:  [-0.69889655  0.99941544]
 Mid-Q2:  [ -2.06721921e+00   1.46772136e-01  -8.16385715e-01  -1.26658630e-01
   8.41002573e-01   2.22835643e-01  -3.05997512e-01  -7.88695989e-02
   5.67763959e-02   1.36799185e-02  -5.78089603e-03  -1.31304805e-03
   3.07734930e-04   6.73149346e-05  -6.71232366e-06  -1.44623548e-06]
High-Q2:  [-0.61872138  0.25214985]
