======= GEp ======
 Low-Q2:  [-0.99878444  0.99940008]
 Mid-Q2:  [ -2.11157890e+00   4.95733811e-02   8.58015193e-01   1.11498654e+00
  -5.52865066e-01  -7.15143579e-01   1.66009542e-01   2.47118931e-01
  -2.20096428e-02  -5.07915342e-02  -1.88907968e-05   6.40051215e-03
   3.83427809e-04  -4.85470159e-04  -4.92472619e-05   2.03488689e-05
   2.68059717e-06  -3.62149429e-07  -5.60480821e-08]
High-Q2:  [-0.25667247  0.24260964]

======= GMp ======
 Low-Q2:  [-0.69889655  0.99941544]
 Mid-Q2:  [ -2.06968417e+00   2.12412580e-01  -7.99209704e-01  -3.44048242e-01
   8.28334974e-01   4.34767822e-01  -3.06239060e-01  -1.73613487e-01
   5.82332857e-02   3.67030505e-02  -5.94625386e-03  -4.57746721e-03
   2.62026017e-04   3.39206121e-04   4.86531794e-06  -1.38557641e-05
  -9.23853446e-07   2.40742794e-07   2.56246401e-08]
High-Q2:  [-0.61872138  0.25214985]
