======= GEp ======
 Low-Q2:  [-0.99878444  0.99940008]
 Mid-Q2:  [ -2.11600001e+00   7.79317302e-02   9.02771032e-01   1.00910997e+00
  -6.26194705e-01  -5.91998551e-01   2.14118535e-01   1.81456325e-01
  -3.89666906e-02  -3.19840783e-02   3.68076199e-03   3.30695271e-03
  -1.43624319e-04  -1.91838803e-04  -1.36490275e-06   5.35350478e-06
   1.86381348e-07  -4.23410507e-08]
High-Q2:  [-0.25667247  0.24260964]

======= GMp ======
 Low-Q2:  [-0.69889655  0.99941544]
 Mid-Q2:  [ -2.06753162e+00   1.98453355e-01  -8.24665565e-01  -2.89084849e-01
   8.73981163e-01   3.71934321e-01  -3.37854194e-01  -1.41105501e-01
   6.95854446e-02   2.77064071e-02  -8.36090717e-03  -3.15101535e-03
   5.83422255e-04   2.08901715e-04  -2.17002066e-05  -7.45682387e-06
   3.27397192e-07   1.09511872e-07]
High-Q2:  [-0.61872138  0.25214985]
