======= GEp ======
 Low-Q2:  [-0.99878444  0.99940008]
 Mid-Q2:  [ -2.10877859e+00   2.77249925e-01   8.50246864e-01   5.18014845e-01
  -5.20457912e-01  -2.13458388e-01   1.46635340e-01   4.50892959e-02
  -2.07249831e-02  -5.28664463e-03   1.42734468e-03   3.28812116e-04
  -3.83233919e-05  -8.46892675e-06]
High-Q2:  [-0.25667247  0.24260964]

======= GMp ======
 Low-Q2:  [-0.69889655  0.99941544]
 Mid-Q2:  [ -2.09979453e+00   4.78423265e-02  -5.59945260e-01   1.19345321e-01
   5.22383587e-01   4.75766774e-02  -1.52775210e-01  -2.12650420e-02
   2.08961585e-02   3.30743514e-03  -1.38706692e-03  -2.38495277e-04
   3.61598474e-05   6.68204733e-06]
High-Q2:  [-0.61872138  0.25214985]
