======= GEp ======
 Low-Q2:  [-0.99878444  0.99940008]
 Mid-Q2:  [ -2.11525053e+00   9.07326429e-02   8.92791856e-01   9.70059092e-01
  -6.02849786e-01  -5.56129207e-01   1.95321703e-01   1.66249494e-01
  -3.19640867e-02  -2.84273371e-02   2.30820897e-03   2.80917408e-03
   3.20439436e-06  -1.49596305e-04  -9.50676081e-06   3.32674430e-06
   3.70173895e-07]
High-Q2:  [-0.25667247  0.24260964]

======= GMp ======
 Low-Q2:  [-0.69889655  0.99941544]
 Mid-Q2:  [ -2.07364742e+00   1.69501854e-01  -7.57378516e-01  -1.96017089e-01
   7.58796512e-01   2.85449393e-01  -2.61842960e-01  -1.04056629e-01
   4.47235385e-02   1.89097555e-02  -3.90679105e-03  -1.89813557e-03
   1.36991800e-04   1.00926551e-04   1.86947045e-06  -2.22679823e-06
  -1.84752362e-07]
High-Q2:  [-0.61872138  0.25214985]
