======= GEp ======
 Low-Q2:  [-0.99878444  0.99940008]
 Mid-Q2:  [ -2.12127280e+00   2.80588147e-01   9.20976516e-01   4.96771930e-01
  -5.93511883e-01  -1.91893667e-01   1.75937107e-01   3.73140464e-02
  -2.65358412e-02  -4.03185875e-03   2.04770194e-03   2.35366747e-04
  -7.30565271e-05  -5.83883900e-06   8.10109419e-07]
High-Q2:  [-0.25667247  0.24260964]

======= GMp ======
 Low-Q2:  [-0.69889655  0.99941544]
 Mid-Q2:  [ -2.08543756e+00   2.01956049e-02  -6.59520820e-01   1.85273491e-01
   6.26792342e-01   5.08658713e-04  -1.94738661e-01  -6.89472533e-03
   2.92337285e-02   1.19101587e-03  -2.27958619e-03  -8.94109126e-05
   8.62471327e-05   2.63575584e-06  -1.16906784e-06]
High-Q2:  [-0.61872138  0.25214985]
