======= GEp ======
 Low-Q2:  [-0.99878444  0.99940008]
 Mid-Q2:  [ -2.11282828e+00   4.98697038e-01   8.26976081e-01   1.25653507e-01
  -4.39568945e-01  -6.37773614e-03   1.02129114e-01  -3.32809353e-03
  -1.16648210e-02   4.56038115e-04   6.43880597e-04  -1.62354366e-05
  -1.38384655e-05]
High-Q2:  [-0.25667247  0.24260964]

======= GMp ======
 Low-Q2:  [-0.69889655  0.99941544]
 Mid-Q2:  [ -2.11732616e+00  -1.27822532e-01  -4.43484143e-01   4.36031072e-01
   3.94970068e-01  -1.18406520e-01  -1.02289566e-01   1.73230904e-02
   1.20561314e-02  -1.25572347e-03  -6.84398089e-04   3.49756898e-05
   1.53423551e-05]
High-Q2:  [-0.61872138  0.25214985]
