1000.0 0.0779191396 -0.7 5.0 13.96423678 4 0 0 1 1e-14
1295 1285 657 562 66 0 16 16 34 31 31 0
0.865425871491 1120.72650358 460.816656976 380.858067375 116.501759833 0.0 0.0 3.94022814326 4.31854824297 92.0391897305 0.951865162868 61.2986797288 0.0 0.0 0.00149386062987 1.45284623743e-05
0.879003865049 9.99977206255e-05 0.850999618838 9.99997209644e-05
[0.23932006101563638, -1.1037024901530934, 1.4615191651999031, 0.38834811106271538, -2.601960712002453, 1.7486201654510927, 2.9352974616472598, -5.7366555501205525, 0.67082094576618978, 3.2949329444634521, -2.177538958067001, 3.4745807376291351, -2.8395062739300858, 1.3357565453815627, -1.9807483322445716, 0.53491215700698524, -0.57924782317147883, 0.7365815321561513, 0.30375697601880347, 0.44457535980245666, -0.54966202291450372]
[0.73792429388352931, -3.0527096709282886, 3.3484991504405244, 1.7129439314480552, -2.8473773980515222, -3.2640809733422151, -3.1528434874958413, 13.118621005693475, 5.5447951378610831, -17.820165584396932, 0.76426691903517263, -4.2579715891236756, 10.207177487139782, 3.6278573383955965, 2.8095307472805602, -4.9113974626665122, -5.275450899474027, -3.0594049886426546, 3.4606560105485187, 6.1363980395817634, -3.8272680071904688]
[-0.0058188412370200199, -0.0017289829815235315, -0.00017767230940981464, 0.006496833519862636, 0.0012145828530371386, -0.0037627853965252244, -0.007350891081986056, -0.0061022757256482592, -0.0027130985327754507, 0.0004711835202580779, -0.0030774718920567787, 0.0, 0.0017260388150952264, -0.0090310152495702463, -0.0029875015225763316, -0.0044059839438175246, -0.0085691347308374365, -0.0011629026834246827, 0.0019234198711384092, -0.0031601417228014918, -0.0024496437998891801, -0.0039143117046112775, -0.0063435592589783825, -0.00786910879630549, -0.006204530513929332, 0.0042708524368401668, 0.0010190540654301248, -0.0034668720405110925, -0.0090885976757564095, -0.0023613315666894544, 0.00025514703370744249, -0.012765655904067748, -0.00091246464599826604, -0.024958250456665342]
[1.0016784028043422, 0.99412923671075082, 0.99844151369159051, 0.99712710406787497, 0.99463480206378174, 1.0047106790891915, 1.0002291954477909, 0.99580288781124127, 0.99428215499598471, 1.0093271511572128, 0.99659386137570405, 1.0066321096314459, 0.99350664988637805, 0.9864295532534243, 0.98562044103221647, 1.0066653575848399, 1.0010093097798567, 0.99353037067714556, 0.98862437877383591, 0.98634536476552603, 1.0053101950987819, 1.0017965066430972, 1.0080882978513237, 1.0000300071850921, 0.99058766018553879, 0.98342525311517737, 1.0125435025188532, 1.0050522143568479, 0.98858548485976361, 1.0017338437136634, 0.97820077497430202]
[1.0270201120035398, 0.98367876409193, 1.0283886976889485, 1.045686680028614, 1.0327365283964476, 1.0198130818094566, 1.0377715465146122, 1.0198901901804969, 1.0485305100210212, 1.0171719268466888, 1.0357615171414958, 1.0441366355933617, 1.0239450154141516, 1.0312106372305621, 1.0215026741589308, 1.0853762924766222, 0.95374434406317576, 1.1098128017330007, 1.024829479910365, 1.089688435490163, 1.0020436323275423, 1.0034176187941295, 1.023206216014763, 1.0042136088283264, 1.002396299857969, 1.0201920849114237, 1.0072369226221916, 1.0315477687637202, 1.0204238553014233, 1.0427011858476376, 1.0212313300631546]
[3.1462753402204967e-05, -1.5190524224250809e-05, -0.00050049810632673446, 0.00010990559389111143, 0.002874743540796709, -0.00040065229338718438, -0.006954033203397555, 0.0010378767493249336, 0.005153340293144946, -0.00019086307007345314, 0.0029116727054824469, -0.0025004746774152701, -0.00055348824189777469, -0.0024542964588526927, -0.00051715795596098829, -0.00018580962302311649, -7.7016731722731122e-06, 9.3846729592662865e-05, -5.3161952778031643e-05, -0.00068527845668429508, 0.0009811011808925625, 0.0014254724533581985, -0.0033344630778400371, 0.00045334784627168098, 0.0024716187749394803, -0.0020787456210572181, 0.0018221208192161268, -0.001613811798998834, 0.00091440992351518992, -0.00071619214522332332, 0.0004026589876599495, -0.00026019992624007717]
[-1.5190524147086026e-05, 0.00085558494030320287, 0.00014227259847239722, -0.0091054001022368557, 5.2505941653074525e-05, 0.034163365094324244, -0.0041338038504484045, -0.041992885819990146, 0.0067130073588595974, -0.0034979143999445939, 0.012038237827896522, 0.0076330469695141236, 0.0053247829329213523, 0.0014899555388781579, -0.0025952264897440742, -0.0039324174882501978, -7.9068223079587689e-05, -0.00031663252928008402, 0.0023978845890886371, -0.00090956966857134124, -0.012982336890120494, 0.017767073090173689, 0.014014004497105822, -0.038433760156537523, 0.017262420387733228, -0.0012821284588151159, 0.0083366040513718036, -0.0022711054598866247, -0.0039952888749169883, -0.002880735184905061, 0.0002478840928884056, 0.0037942930224338462]
[-0.00050049810639959014, 0.00014227260207254691, 0.011057423221208805, -0.0017635096936876237, -0.077313532130897547, 0.013541946957731114, 0.21274189960166687, -0.043322260514740044, -0.17734175620382331, 0.012491268529779146, -0.07877006267756248, 0.083928669505433859, 0.025299649015060956, 0.073800121585727824, 0.01457892716724027, -0.00039963533661374617, 0.00028915059303279053, -0.0016375804969868063, -0.0023781390515369392, 0.020860091538369482, -0.0072474775899931641, -0.081458631284383368, 0.086540417546832005, 0.074890770045169142, -0.13257215239366416, 0.063219886991519425, -0.076142481158887471, 0.062132769396016571, -0.015704798416079316, 0.030766084312737911, -0.014104335632088696, -0.0010218360600129251]
[0.00010990559274385876, -0.0091054001017384645, -0.0017635096452489063, 0.10927146405908762, -0.001141738346638041, -0.45756441913568263, 0.074557191700525507, 0.66206894617265244, -0.15785760503087426, -0.076906222496999188, -0.1446926940952423, -0.12167009571651574, 0.0071200906058842429, 0.014348178242165471, 0.078508808417931411, 0.043095928689088472, 0.00051531263232095317, 0.0044149837020124663, -0.02393686122018196, -0.0064163975774964759, 0.15558229284381603, -0.13030629754813253, -0.27143398858267359, 0.38699162052769343, -0.0078200860364170555, -0.081670841113212919, -0.027681420600319685, -0.0787175994399094, 0.065515467415503695, 0.0110238739170483, 0.041435803741671405, -0.026391157631793435]
[0.0028747435424023972, 5.2505902089432233e-05, -0.077313532152866932, -0.0011417378358664504, 0.62323904111757433, -0.049718680199941301, -1.9497902245075993, 0.34082649748262273, 1.9195409164114225, -0.29010114304144485, 0.62106634941896133, -0.80944069376229943, -0.25357349928225165, -0.60211559161496531, -0.092324710062608978, 0.050967595052938436, -0.001832698216793811, 0.008077558889455598, 0.026414981242840235, -0.14015431904137929, -0.02697301384677081, 0.6606115645760462, -0.4730911747459724, -0.80128323781197341, 0.96565369459367889, -0.37705633928405269, 0.56369597919570269, -0.36794189979332237, 0.06874129431409795, -0.23088967332114715, 0.041868860213434292, -0.0056772528383330911]
[-0.00040065228837415229, 0.034163365096455567, 0.013541946749174416, -0.45756441918391899, -0.049718678047486309, 2.178490247195124, -0.21366019994919305, -3.9326883594736359, 0.87461971158093488, 1.6508492415057299, 0.2510161263801971, 0.82818457913600596, -0.65116486697081899, -0.21266474274637312, -0.6465048488351034, -0.10157971655424924, -0.0007361543360452842, -0.01870788148338226, 0.076750085512346064, 0.082500228248421209, -0.5999344666578984, 0.21073823773536057, 1.4112093794616214, -1.2041630366626732, -0.69437258888612785, 0.6202698805207244, -0.13739090671112122, 0.69508236771462073, -0.27766833873341984, 0.042465689395481482, -0.33458305788260301, -0.0032689070157420619]
[-0.006954033212755369, -0.0041338036895069083, 0.21274189975799995, 0.074557189672564139, -1.9497902251143775, -0.21366019159709615, 6.9456182107934445, -0.63951626944912709, -8.3374709637679913, 1.5544356781187676, -0.85812072131385431, 2.4624674306199124, 1.143651921239389, 1.3722603522665844, 0.16861087557355914, -0.44253508451540624, 0.0033303698739624893, -0.011600155455152222, -0.084763250379503552, 0.31063955079978728, 0.285836099775854, -1.7653369467269588, 0.60815142380235399, 2.6493576791283537, -2.1234920902215113, 0.5815166811899205, -1.3567458662587653, 0.50151236263110388, -0.033446597777374805, 0.57039974610920385, 0.15944816341369597, 0.10593228760090434]
[0.001037876744272262, -0.041992885858824547, -0.043322260251213773, 0.66206894666154636, 0.34082649468294735, -3.9326883611341605, -0.63951625882079111, 9.9714015065544164, -0.97920269526971904, -8.7740042951334836, 1.5234384354898798, -1.5804383602175467, 2.8420919817669188, 0.90627869261403071, 1.571671731240694, -0.16414145876444453, -0.00013043150462230604, 0.022032236647448383, -0.064726089631131772, -0.1776437217782077, 0.67104633515092571, 0.27812044734732927, -2.229635791946194, 0.69572428472218073, 2.2089448411536181, -1.0497340726119151, 0.48153440733524, -1.5525844194893814, 0.16705642976212931, -0.17645389632641828, 0.77667029701860513, 0.37143004301386828]
[0.0051533403106861376, 0.0067130071252554102, -0.17734175649127809, -0.15785760212787039, 1.9195409175449343, 0.8746197000813023, -8.337470964110242, -0.97920268243108721, 14.367616879629798, -1.617344313915553, -6.1721090966197218, -0.27391024074784337, -1.7915676887797036, 0.96175405972006067, 0.28886406318031826, 1.0425652956311995, -0.00029214623966965101, 0.00013716058587470714, 0.061191083143232329, -0.14261846553949667, -0.3676461866026397, 1.1174864483825808, 0.28690676209923471, -2.2160537224754178, 0.76358926244495073, 0.21980504369570575, 0.6719750327903643, 0.24795018207028105, -0.19606608189377772, -0.32353447063816082, -0.41788254888594972, -0.14863998339125217]
[-0.00019086307772708117, -0.0034979143069766572, 0.012491268654811982, -0.076906223595889375, -0.2901011437541996, 1.6508492456227639, 1.554435680356228, -8.7740042995256875, -1.6173443198956352, 15.843861792200352, -2.5684837550181441, -5.3557278132242905, -1.1828757172497555, -1.6095575278964906, 0.55231324926964886, 0.58057206934493266, -0.0012246183905767522, 0.011529571682845435, -0.027760773952400092, -0.037365190377673128, 0.21161754350034112, -0.23779175166133654, -0.15113460845074123, 0.84963205353915705, -0.77630879744309067, -0.32431996417144077, 0.16192079934236639, 0.36306236980217826, 0.5050994082818302, -0.041697345685045677, -0.33210316337388607, -0.56010178784471454]
[0.0029116727012798143, 0.012038237854898881, -0.078770062685248221, -0.14469269447566324, 0.62106635038232749, 0.25101612735311907, -0.85812072707292764, 1.5234384378473873, -6.1721090877047571, -2.5684837624844201, 17.436645184803012, -4.2182739103505078, -5.3296428017756377, -2.3473713535492653, -1.4456747846814753, 0.74934625093040386, -0.00071710230251542618, -0.0057753196723301994, 0.073130925103812264, -0.083106737883421752, -0.4590280609061157, 0.88633219893742199, 0.5651196649638297, -1.8295620747008952, 0.46986183975027673, -0.043215886688933558, 0.58642042109400783, 0.31075366191469478, -0.0032423042274631331, -0.22402095162107744, -0.39864847490388644, -0.23697215328276844]
[-0.0025004746716996481, 0.0076330469616764374, 0.083928669334243144, -0.12167009560911539, -0.80944069252195172, 0.82818457896748487, 2.4624674273652167, -1.58043836155691, -0.27391023825589045, -5.3557278098600642, -4.21827390754886, 18.49836697357172, -4.747319423756875, -4.3512846481369856, -2.1209221827910327, -0.67101264909357117, -0.0002836180351050537, -0.0024065671869263174, -0.02145329510409023, 0.11142295307822343, 0.058014818394645395, -0.72505374539114287, 0.48551058973782091, 1.1481980306503621, -1.3235687689596007, 0.22001503258193719, -0.49207784891143075, 0.47403023673841521, 0.13681221407351568, 0.21374314209623058, -0.11904238931247955, -0.16642686209673818]
[-0.00055348824236312651, 0.0053247829940479274, 0.02529964899536119, 0.0071200899219336141, -0.25357349880426883, -0.65116486460636569, 1.1436519181052409, 2.8420919810275067, -1.7915676814715971, -1.1828757253525615, -5.3296428059869969, -4.7473194155731164, 18.94346686552479, -4.5979207309940548, -3.7300521794440216, -1.7735799454873451, 0.00044096064039634295, -0.0081858744491992014, 0.020210024082569861, 0.03569936674476392, -0.13995179950125447, 0.078512575789622951, 0.10474833798645333, -0.36297933459472237, 0.46536660591144113, 0.083970621378227819, -0.10874452490263559, -0.29192472183946577, -0.257163569022405, 0.045856776731228455, 0.26874095984323809, 0.36359983890195124]
[-0.0024542964600900745, 0.0014899555682222898, 0.073800121660790141, 0.014348177830923636, -0.60211559241813961, -0.21266474048865769, 1.3722603553014485, 0.90627868704753245, 0.96175405566986216, -1.6095575226780661, -2.3473713524731723, -4.3512846476013118, -4.5979207313015547, 19.940415922351342, -4.361619582952347, -3.5547931528605581, 0.00062707960822702886, -0.0037952533364741456, -0.031139332507253998, 0.10879050190601014, 0.15226593999158511, -0.64841148859616393, -0.013841186070416844, 0.99964741554538472, -0.39298772659629533, 0.33026782252991932, -0.61874653718327532, -0.1907195358095069, -0.24877647625998411, 0.22687285847914526, 0.37397658133662492, 0.40738261220308702]
[-0.00051715795824859253, -0.0025952265379233785, 0.014578927304775363, 0.078508808905662142, -0.092324711364107609, -0.64650485039567995, 0.1686108799846962, 1.5716717320506226, 0.28886405841604457, 0.55231325165734613, -1.4456747861167232, -2.1209221838008991, -3.7300521784235832, -4.3616195812345282, 19.980761141254487, -4.854472218127591, 0.00066382772244193307, -0.0024065877454042504, -0.0069239512328916767, 0.015792189014553717, 0.062310610298333624, -0.023409202218604978, -0.32329502481348493, 0.016735210813600639, 0.62030814985132432, 0.057249657657432756, -0.14083755820829985, -0.50647439523521565, -0.27172094221114662, 0.035997342264445176, 0.40072449190869569, 0.44512698260411754]
[-0.00018580962185109394, -0.0039324175016612756, -0.00039963535864531718, 0.04309592887212102, 0.05096759514879734, -0.10157971742359712, -0.44253508444721512, -0.16414145725725598, 1.0425652946953792, 0.58057206927062888, 0.74934625183576165, -0.67101265078154448, -1.7735799451649807, -3.5547931522422447, -4.8544722182243776, 19.123277062805975, 0.00021855247093776112, 0.0022870610926977834, -0.016376364204137427, 0.0018921133620422546, 0.11160830174531344, -0.11053162570602357, -0.20374129777258054, 0.25968072191196334, 0.041570556069654818, 0.051865875315596929, -0.091279179966814145, -0.12055717107937206, -0.055258292178094304, 0.020046242994376351, 0.10384973966748977, 0.095955233702475981]
[-7.7016731794605866e-06, -7.906822301788905e-05, 0.0002891505935540288, 0.00051531263139347047, -0.0018326982225940515, -0.00073615433071876405, 0.0033303698966365486, -0.00013043151784962164, -0.00029214627101163985, -0.0012246183818980577, -0.00071710229922140889, -0.0002836180207022462, 0.00044096064774929328, 0.00062707960707468903, 0.00066382770435649584, 0.00021855247026625379, 6.6411607937681246e-05, -0.00010846308344515513, -0.00091213180218105211, 0.0026103637656998552, 0.0026432738268807642, -0.013799968345587447, 0.0041074540576046112, 0.021856083869037073, -0.015966636912961484, -0.0023940263547938758, -0.00714813418106302, 0.0062147374629327448, 0.0045717029999755351, 0.0040463193667579821, -0.0020436186500298798, -0.0043496355509574994]
[9.3846729334621636e-05, -0.0003166325290539793, -0.0016375804889452302, 0.0044149837024645604, 0.0080775588089862065, -0.01870788149055767, -0.011600155122296394, 0.022032236624446869, 0.00013716002242767505, 0.011529571840313209, -0.005775319409328906, -0.0024065673117729786, -0.0081858744049745028, -0.0037952533182433763, -0.00240658770654929, 0.0022870610586569508, -0.00010846308329731397, 0.0015431118705929144, -0.0016005564229757995, -0.014687990157835678, 0.027971613813279721, 0.042653817148508931, -0.11777252192570624, -0.013440156482006435, 0.14886398839545131, -0.046298366683560917, 0.017379964192288877, -0.075458490046413279, -0.001659196202696751, -0.0039122111029771759, 0.036789196612481229, 0.021939457368057261]
[-5.316195182805683e-05, 0.0023978845843555113, -0.002378139087616157, -0.023936861162678326, 0.026414981607813623, 0.076750085228953033, -0.084763251818261512, -0.064726088939478607, 0.061191085365975548, -0.027760774678144924, 0.073130924307245992, -0.02145329527711486, 0.020210023818195033, -0.0311393324344925, -0.0069239507616669534, -0.016376364111260762, -0.00091213180225115261, -0.0016005564149223564, 0.02606328245105901, -0.029258413165718259, -0.14815387851374173, 0.28985011170879743, 0.20657144977364994, -0.70141717047377328, 0.10871170547570011, 0.34842536893913872, 0.079938704754690892, 0.0078066616362489835, -0.2207111570889459, -0.089342704737819967, -0.011550710967842702, 0.1296015096042771]
[-0.00068527845396804913, -0.00090956965884333302, 0.020860091464991265, -0.0064163977417062311, -0.14015431835739667, 0.082500229114403467, 0.31063954800019633, -0.17764372319939079, -0.1426184606059612, -0.037365190975427121, -0.083106740591866624, 0.11142295525547941, 0.035699366633077531, 0.10879050138033566, 0.015792187279512093, 0.0018921137099850716, 0.0026103637613799583, -0.014687990165506197, -0.029258412996085045, 0.26270754395444362, -0.12995995005689998, -1.2626833182108435, 1.6257787490759659, 1.5982441791627784, -3.1842143810283936, 0.46531798598297103, -0.25624810961579986, 1.2767506822671799, 0.31584545266860187, 0.07154671475598666, -0.6212868971023604, -0.53191852988831656]
[0.00098110116760824224, -0.012982336859774513, -0.0072474771431322027, 0.15558229250339345, -0.026973018114927291, -0.59993446501177938, 0.2858361162043061, 0.67104633060316754, -0.36764621224243038, 0.2116175499659565, -0.45902805017427339, 0.058014817847384825, -0.13995179791613355, 0.15226593972405486, 0.062310608872229362, 0.11160830062962493, 0.0026432738370101181, 0.02797161371902529, -0.14815387875362743, -0.12995994802270711, 1.383193223298929, -0.62836133871643496, -4.5253751118889518, 4.6220020145314038, 4.4393940522704174, -6.3255201876840594, 0.66588418716956488, -1.9380022139492672, 2.5886808846649929, 0.56733811197219819, 0.75537369421390188, -1.0313366351093907]
[0.0014254724507693946, 0.017767072984978177, -0.081458631289194283, -0.13030629599261229, 0.66061156465588766, 0.2107382297255449, -1.7653369458576624, 0.27812046282234654, 1.117486443494879, -0.23779175608458394, 0.88633220448548955, -0.7250537582350417, 0.078512575739568047, -0.64841148455581277, -0.023409190220393436, -0.11053162681525275, -0.013799968327191508, 0.042653817300895125, 0.2898501108035022, -1.2626833201677099, -0.62836132549941848, 7.8013618790666222, -4.9084250640044633, -15.038410361721212, 15.920005259649546, 5.6261271580742296, -3.4711042163893504, -4.4089004068386837, -5.1221755049272915, 0.79562232194340121, 2.882585281215662, 4.1644050542810245]
[-0.0033344630188043125, 0.014014004485557785, 0.08654041565871029, -0.27143398869594954, -0.47309115723223644, 1.411209380201413, 0.60815135715488344, -2.2296357887283667, 0.28690686692533518, -0.15113462597449878, 0.56511961792222121, 0.48551059987854711, 0.10474833443153633, -0.013841187997269092, -0.32329503138368998, -0.20374129290367549, 0.0041074539820166248, -0.11777252158822038, 0.20657145180727185, 1.625778740696235, -4.5253751233215738, -4.9084249996123486, 23.896788271084013, -6.9553859766806028, -37.268782648281039, 30.290954139809298, 0.83578785065461147, 7.5605818466306705, -8.4848040714396298, -4.1601649897430004, -3.1976147627154026, 2.8429414976313847]
[0.0004533478043865849, -0.038433759832039088, 0.074890771553824509, 0.38699161580958658, -0.80128325116290955, -1.2041630121799329, 2.6493577242077446, 0.69572423424042718, -2.2160537807155638, 0.84963207898298521, -1.8295620566130717, 1.1481980619329653, -0.36297933762433809, 0.99964740421577658, 0.016735185145354547, 0.25968072224336236, 0.021856083885913695, -0.013440157275239173, -0.70141716936505094, 1.5982441922517165, 4.62200198339566, -15.038410414550826, -6.9553857821413123, 49.076156803636401, -15.335972099614892, -53.904276923031922, 29.231999829266371, 3.5232249497425916, 19.912344701057496, -5.1733771819923371, -6.121551146160118, -11.901077913195316]
[0.0024716186971341005, 0.017262420132032608, -0.13257214991692612, -0.0078200820450261728, 0.96565367135679958, -0.69437260927199773, -2.1234919995829387, 2.2089448754083607, 0.76358911515598216, -0.77630879268432285, 0.46986190759305463, -1.3235688004704502, 0.46536661401172896, -0.39298771570918589, 0.62030817762250878, 0.041570547809756331, -0.015966636755901341, 0.14886398826931602, 0.10871170020369987, -3.1842143720299223, 4.4393940975998181, 15.920005158257823, -37.268782774283075, -15.335971694795733, 86.507788270261855, -32.257460331774986, -45.415944666905816, 12.928506102238359, 5.9255451659860814, 16.579483782943246, -0.38450231191026235, -4.3651902167153374]
[-0.0020787455248128654, -0.0012821287215824262, 0.063219883804015664, -0.081670837084048375, -0.37705631179709487, 0.62026985877461982, 0.58151658779230075, -1.0497340261589025, 0.21980516974996966, -0.3243199890089592, -0.043215933209811756, 0.22001500125378648, 0.083970630809983321, 0.33026783117052416, 0.057249668622723626, 0.051865877768078272, -0.0023940264913533613, -0.046298365484322868, 0.3484253705796963, 0.46531796279010057, -6.3255201717855876, 5.6261272873485275, 30.290953952120031, -53.90427715313146, -32.257459799495081, 116.95056751370619, -38.759188301733282, -36.307988782674528, -2.9111591016605169, 4.082546785916243, 13.63143975364363, 7.305740468198259]
[0.0018221208023659697, 0.0083366044623774394, -0.07614248086637676, -0.027681426713079653, 0.56369597899047275, -0.13739087560712449, -1.3567458752486772, 0.48153434881583385, 0.67197506074467483, 0.16192081836066841, 0.58642040985955768, -0.49207781934671185, -0.10874454267074518, -0.61874654813316599, -0.14083757186938206, -0.091279177064437, -0.0071481342302658867, 0.017379963426593759, 0.079938708713965176, -0.25624810341062704, 0.66588413745956743, -3.4711042022853542, 0.83578806075488243, 29.231999615957477, -45.415944945300552, -38.759187871186874, 121.36103398849221, -46.015519957176934, -34.292953925924195, -3.0686668241500206, 9.2624031099274671, 15.575862502518397]
[-0.0016138117800134073, -0.0022711055449199311, 0.062132768996999738, -0.078717598483279166, -0.36794189612349215, 0.69508236342307939, 0.5015123465547191, -1.5525844076957998, 0.24795021518104532, 0.36306234908454371, 0.31075363673273043, 0.47403025115275943, -0.29192472145602705, -0.19071953292771116, -0.50647439786613102, -0.12055717016774992, 0.0062147375012115199, -0.075458489820195651, 0.0078066600766422021, 1.2767506814519729, -1.9380021987636482, -4.4089004179366595, 7.5605817945586056, 3.5232250235721772, 12.928506146683809, -36.307988899733971, -46.01551992168244, 129.14475511283757, -47.729380815478081, -30.038125141598467, -3.6232248183209794, 9.3082581416379782]
[0.00091440990980030685, -0.0039952889021200311, -0.015704797765033085, 0.065515467732933499, 0.068741287147288777, -0.27766833903345933, -0.033446567064149946, 0.16705642313572658, -0.19606613555697705, 0.50509942684902054, -0.0032422777837896001, 0.13681221067803384, -0.25716356618717195, -0.24877648439225231, -0.2717209525302593, -0.055258289869062782, 0.0045717030244040308, -0.0016591963013522504, -0.22071115812836328, 0.31584545741234638, 2.5886808878800256, -5.1221755420290762, -8.4848040466240189, 19.912344795993857, 5.9255450393662805, -2.9111591555460263, -34.292953783690088, -47.729380848481796, 139.18746311781027, -45.681228608919632, -29.693118111051618, -9.5757226671835021]
[-0.00071619217304397394, -0.0028807352908046951, 0.030766085196543239, 0.011023875346634082, -0.23088968110407126, 0.042465682180088837, 0.57039977357492622, -0.17645388175568602, -0.32353450868659395, -0.041697355684726545, -0.22402094263465291, 0.21374314437168429, 0.045856781537128036, 0.22687286491547323, 0.035997350498739422, 0.020046238868635213, 0.0040463194210836016, -0.0039122113522193011, -0.089342705943148207, 0.071546720714923795, 0.56733811551395319, 0.79562228423051617, -4.1601649743598497, -5.1733770973574194, 16.579483719693826, 4.0825467281415122, -3.0686668005720841, -30.038125121671293, -45.681228571708317, 138.11057636996745, -50.619631818326113, -33.573696035425989]
[0.00040265898684355692, 0.00024788418800023027, -0.014104335758328701, 0.041435802738578123, 0.041868861314413808, -0.33458305395069665, 0.15944816115272431, 0.7766702895947597, -0.41788255129762419, -0.33210315285231884, -0.39864846487335187, -0.11904240032298395, 0.26874095889642308, 0.37397658083023511, 0.4007244938409027, 0.10384973849265855, -0.0020436186900693442, 0.036789196657187981, -0.011550709898488489, -0.62128690031792311, 0.75537369029186741, 2.8825853043806853, -3.1976147718111352, -6.1215511962328568, -0.3845022644728997, 13.631439775829726, 9.2624030901452326, -3.6232248274968746, -29.693118130125654, -50.619631800166459, 133.86465763179052, -52.494044636033074]
[-0.00026019991303276703, 0.0037942930033188493, -0.0010218365664758089, -0.026391157284541958, -0.0056772480848419349, -0.0032689092294377886, 0.10593227018467211, 0.3714300490712692, -0.14863995783239242, -0.56010179293963702, -0.23697216311741212, -0.16642686777160337, 0.36359983877478597, 0.40738261530749531, 0.44512698732427491, 0.095955234204627926, -0.0043496355711295153, 0.021939457571275134, 0.12960150991485103, -0.53191853439651982, -1.0313366314501753, 4.1644050797246992, 2.8429414565579307, -11.90107795456543, -4.3651901073696511, 7.305740459808141, 15.575862429406921, 9.3082581496831764, -9.5757226593620164, -33.573696006907674, -52.49404464483959, 136.85093924856804]
[[0.94815488697822337, 0.051845113021776655, -0.0079220520357806672, 0.00042487734531318196, -8.0203778354773874e-06], [-1080.8965711555772, 1080.8965711555772, -161.9688606792723, 8.5156398263463551, -0.15752343593428733], [3062.5402849408088, -3062.5402849408088, 468.41177192460594, -25.127646174648081, 0.47409417959159306], [-2901.353954154456, 2901.353954154456, -451.75852077068026, 24.699875323350867, -0.47545764382361544], [918.76208548224611, -918.76208548224611, 145.32353157738234, -8.0882938523944539, 0.15889492054414514]]
7876 274.518947 2
[-1.0982032338622756, 1.4769174860169625, 0.3640286946010826, -2.828804693876416, 1.27901376963085, 2.9126342923333493, -3.291087366436818, 1.5064275459594334, -0.42783566010979085, -0.7096140065399018, 0.905378406676434, -0.9137596848940809, 0.8023156399542262, -0.512217820701548, 0.4471974075908638, -0.22756675663868264]
[-3.0377141069989544, 3.3415135200514703, 1.3493301609750168, -3.256068766983541, 0.6363594989026347, 1.5298004210105713, -0.1948553986279898, -2.6590655876082887, -1.9388063223529155, 1.9904746103152582, -0.1720501388892793, 2.6077650354431134, 0.38529772424674535, 1.0923077617894985, -0.5175275251748659, -0.6568333274741174]
[1, 2, 3, 4, 5, 6, 7, 8, 9, 10, 11, 12, 13, 14, 15, 16, 17, 18, 19, 20, 21, 22, 23, 24, 25, 26, 27, 28, 29, 30, 31]
[[3], [1, 3], [1, 4], [1, 5], [2, 4], [2, 5], [9], [7, 9], [6, 9], [8, 9], [13], [14], [11, 13], [10, 13], [10, 14], [10, 15], [12, 15], [18], [19], [16, 18], [16, 19], [16, 20], [17, 20], [25], [21, 25], [21, 26], [23, 26], [22, 26], [24, 26], [29, 30], [29], [27, 29], [27, 31], [28, 31]]
[[0, 0.18], [0, 0.315], [0, 0.45], [0, 0.585], [0, 0.72], [0, 0.855], [1, 0.18], [1, 0.315], [1, 0.45], [1, 0.585], [1, 0.72], [1, 0.855], [2, 0.18], [2, 0.315], [2, 0.45], [2, 0.585], [2, 0.72], [2, 0.855]]
[[1, 0.018], [2, 0.027], [3, 0.019], [4, 0.016], [5, 0.025], [6, 0.03], [7, 0.04], [8, 0.02], [9, 0.04], [10, 0.019], [11, 0.021], [12, 0.021], [13, 0.021], [14, 0.04], [15, 0.03], [16, 0.023], [17, 0.038], [18, 0.08], [19, 0.024], [20, 0.041], [21, 0.015], [22, 0.015], [23, 0.035], [24, 0.046], [25, 0.019], [26, 0.015], [27, 0.029], [28, 0.035], [29, 0.021], [30, 0.021], [31, 0.022]]
[1, 2, 3, 4, 5, 6, 7, 8, 9, 10, 11, 12, 13]
