1000.0 0.0779191396 -0.7 5.0 13.96423678 4 0 0 1 1e-14
1303 1289 657 562 66 0 16 16 34 31 31 4
0.861400028134 1122.40423666 460.78818623 380.949126156 117.178852711 0.0 0.0 3.85339434036 4.22655443104 91.8713226641 0.943855872649 61.4394293567 0.0214192875971 1.13073275311 0.000954187351762 0.000408669181646
0.879003088992 9.99979719984e-05 0.851002021557 9.9999420061e-05
[0.2393392925705998, -1.1048447409730449, 1.4566660739353205, 0.41269690802468523, -2.5124557810854991, 1.6014588844208537, 2.4290218962779049, -5.4656831135775272, 1.6812575891123662, 3.4689138972322109, -2.5733643828420805, 2.5943283658521064, -3.5380893325879432, 1.2425867325721145, -1.3610204927222138, 1.5562264110918749, 0.00061026700556955085, 0.73804414063789636, -0.65916250921009123, -0.66069482160008874, 0.45416471586534612]
[0.73793972090543436, -3.0522221904299887, 3.3489241457585637, 1.6972502532347815, -2.837626385498798, -3.1424237133382813, -3.3079848438269805, 12.806837773513774, 6.1970048744486679, -17.793283924390025, -0.14952263201386401, -3.7233193516922296, 10.573159653427593, 4.1436488912693026, 1.5665406496454093, -5.5465619464427727, -4.1916896378203372, -3.2465793019655393, 5.2615471343688114, 3.5541266141026426, -2.8957657832638688]
[-0.0057843867919894956, -0.0017156077503213073, -0.00017105036843285723, 0.0065081773960452985, 0.0012175394568908812, -0.0037639398890726757, -0.0073770775651426194, -0.0061299019120874629, -0.0026675390363443191, 0.00050637550353024646, -0.00307583608241462, 0.0, 0.0017335327125491493, -0.0089993602256593641, -0.0029980092605924337, -0.004441649224649161, -0.008588285351984852, -0.0011604259283477011, 0.0019780348441683685, -0.0031751120511317663, -0.0024800015897022401, -0.0039298519136145415, -0.0063983233759835455, -0.007859780233221831, -0.0062498175516247246, 0.004296346733448521, 0.0010412694989845334, -0.0034926711923559195, -0.0090754542391435714, -0.0023450158408569199, 0.00022487289680084798, -0.012709597669691994, -0.00089486770707766805, -0.02488986878894477]
[1.0016487599432098, 0.994136177227118, 0.99847382088423742, 0.99717831558809911, 0.99469616172749076, 1.0046773106482831, 1.0002313269500518, 0.99577580390581544, 0.99433704305753734, 1.0093336084316, 0.99659058944873102, 1.0066302475816513, 0.99353594901438347, 0.98648185842580605, 0.98566952694950127, 1.0067060388612481, 1.0011027086151487, 0.99356512907401606, 0.98864320872516243, 0.9863199461672475, 1.0052895192290834, 1.0018564661861595, 1.0080875678296286, 1.0000643234955042, 0.99064899046698784, 0.98343935409318362, 1.0124521753552673, 1.0049190584880046, 0.98867472941173562, 1.0017478896929375, 0.97839296869127224]
[1.0270957225351636, 0.98372381715300594, 1.0284400475634266, 1.0457420892202871, 1.0326706353714221, 1.0198959979794344, 1.0378097224171405, 1.0198960692480417, 1.0486155084215347, 1.0172207861302014, 1.0357210427320236, 1.0442365122153168, 1.0240460808865381, 1.0311839305485904, 1.021428437537073, 1.0855922194654548, 0.95390439865016097, 1.1096342196290263, 1.0247781171197083, 1.0895648612553679, 1.0020708185252738, 1.0034439914742643, 1.0232531450066649, 1.0042390759896058, 1.0024074256175657, 1.0202335935496878, 1.0074258774992442, 1.031607995894168, 1.0204738079717195, 1.0427620015140853, 1.0212768178755693]
[2.8696341205678618e-05, -2.1248962727282413e-05, -0.00043131871627020459, 0.00025003282939178948, 0.002388967379564609, -0.0013215492459758929, -0.0058021729453684575, 0.003215038640199815, 0.0050567926606859661, -0.0014799053125305875, 0.00053111810509771224, -0.0039519076617383006, -0.00032624016576721278, -0.00033095748030689473, 0.0025416984167262557, -6.236925146758119e-06, -6.4307649328004196e-06, 8.7956772757467996e-05, -7.648842041983503e-05, -0.00057802222525775611, 0.00099691837078754873, 0.00099143160865817082, -0.0028217243657278606, 0.00036945014339305861, 0.0015857221541798173, -2.6569505987392897e-05, 0.0007850181158115387, -0.0023205249338436977, 0.00081942116489137299, -0.00031689525911536402, 0.00071833321316813108, -6.5999526770536929e-05]
[-2.1248962603504933e-05, 0.00067211220255973016, 4.6161334471443747e-05, -0.0067179455213232271, 0.0024516478378718582, 0.02441926431600884, -0.015661899491946733, -0.031064902002615895, 0.022532577395699485, 0.0035125862503697716, 0.011068236927621215, -0.0044735612745496044, -0.0055186009605295815, -0.0055280692280533809, 0.00061911606728270313, 7.3242784352691576e-09, -6.8052846248634988e-05, -0.00026218275902277965, 0.0020496706245865678, -0.0011031141396929617, -0.010876949284921026, 0.017086162077707391, 0.010505930208880932, -0.036292214050971987, 0.016876643766412427, 0.00062882606490469173, 0.0083082035780820476, -0.0037960162396542692, -0.0022365372615842302, -0.0038101966674455191, 0.00011464089204091046, 0.0021402208941032393]
[-0.00043131871635926464, 4.6161340530384565e-05, 0.0089634571027243301, -0.0022380084933909354, -0.060065112378803728, 0.025308617904674147, 0.16320941555912249, -0.088791550074772685, -0.15127206406447316, 0.059060001532826201, -0.012919818338861066, 0.10717413423121483, 0.0030427413356102721, 0.0035866379957867288, -0.067225184875525659, 0.0001601023560320571, 0.00026834294229879528, -0.0014040994909413028, -0.0021916840444696148, 0.01774575741848898, -0.0049638757626715808, -0.071597968133593273, 0.068370126777690346, 0.085434696762929821, -0.11088309106124672, -0.00084060471300229436, -0.045862508964576429, 0.085845319326341429, -0.0060099212611649565, 0.019784154359218768, -0.026991986419141183, -0.01453282382511312]
[0.00025003282796995418, -0.0067179455282342371, -0.0022380084195865358, 0.076489955644236371, -0.01862795845017105, -0.3145197183427188, 0.18618335553157273, 0.47225660348565407, -0.3462986274211633, -0.13024652075474574, -0.072881749932640918, 0.06166361835133298, 0.13252943470025216, 0.045531510276422729, -0.039147088162648926, -1.0562780899824823e-05, 0.00034444352779617774, 0.0037691926841017204, -0.018500926957790743, -0.0050173362718332615, 0.11880631866758815, -0.10920864969620725, -0.1898978784111616, 0.301073052515961, -0.040560964860077403, -0.0073827478543618402, -0.057963734111315217, -0.086550370015463993, 0.056758341360750586, 0.044045922073103282, 0.037582463733593752, -0.023701889843553973]
[0.0023889673801183757, 0.002451647787593228, -0.06006511237178954, -0.018627957853162673, 0.4662242879829715, -0.056093369441556185, -1.4553439315544527, 0.60238760640394451, 1.5684659784119488, -0.71899981043907701, 0.11118192273008731, -0.88199219218606595, 0.020550623178073053, 0.014976917769911079, 0.52486263824908197, -0.0011137448032727528, -0.0017566914172427689, 0.0059675680790987964, 0.027214083811398983, -0.11701258529752373, -0.050499675353134627, 0.59639203562980125, -0.36150122383523431, -0.8722273975898337, 0.87809253227367778, 0.012859682320994079, 0.37826417950617314, -0.53175543986666607, -0.063062226433864041, -0.18560420765811675, 0.16844067310023772, 0.16646164456855886]
[-0.0013215492371016404, 0.024419264384155315, 0.02530861746421063, -0.31451971866335326, -0.056093366055621589, 1.5057394644571931, -0.45399439172620681, -2.8935352436475634, 1.5497211004060665, 1.6546884962977337, -0.37707398714907947, -0.068235450408534293, -1.0743036496544089, 0.0046739184439702685, 0.27396264235597184, 0.00026965139986929662, 0.00010929364455029286, -0.016739570374084266, 0.050638174437130729, 0.087479242373397936, -0.41803404184221171, 0.053080862975351473, 0.97809113931787861, -0.62911948389990324, -0.466162305689787, 0.026092821769193586, 0.043431895435775004, 0.80497744051614228, -0.28748551127355437, -0.13800006104365276, -0.28682570905040183, 0.052839525809255487]
[-0.0058021729488770815, -0.015661899344740257, 0.16320941558891131, 0.18618335376352663, -1.4553439317895436, -0.45399438223634753, 5.2719337653130696, -1.0710562864042246, -6.9253314728090825, 2.9218339768158188, 0.5193982109490638, 2.321087919359905, 0.079322222681069809, -0.54096225609040183, -1.4773998274592932, 0.0024238353026398559, 0.0033828706740063105, -0.0051919925420451868, -0.093275623339578465, 0.25446794908183606, 0.35721112670678984, -1.6388640478941694, 0.44675591307567442, 2.7849584808679539, -2.1959873600668591, -0.054118682110144416, -1.062175066452741, 0.86176681173853387, 0.52863906469642008, 0.62255841136370571, -0.277588670278966, -0.60527485553799054]
[0.0032150386103139972, -0.031064902235669267, -0.08879154868451429, 0.47225660468322023, 0.60238759603235648, -2.8935352442510673, -1.0710562593188744, 7.9526945772453006, -1.4351662010180177, -8.0810857320092033, 3.3198596569683922, -0.090864520214490874, 3.0269408290802864, -0.46699759080922604, -0.90873795936436297, -0.00057128609430689287, -0.0015488753942711707, 0.022486356537040966, -0.024777520555374841, -0.22452402229989921, 0.40230647828694194, 0.67962063350912727, -1.6050904803404025, -0.43804617752059305, 1.856376390347017, -0.02095856052875289, 0.31593360787612662, -1.7427377794615333, 0.29790171916145208, 0.065545893740366373, 0.58809249774891748, 0.11814062967814203]
[0.0050567926819738056, 0.022532577256315023, -0.15127206464852438, -0.34629862521179477, 1.5684659820573645, 1.549721088147096, -6.92533147968705, -1.435166172015518, 12.76981497654358, -2.6219795802411205, -6.706701218558873, 0.55459656006542724, -0.6331585454449149, 2.2870404766998238, 0.90565400847811417, 0.00048267125568834425, -0.00092029472609769672, -0.0041355414331149514, 0.081041203742042253, -0.13373722576337282, -0.44811044916714271, 1.2059550360161075, 0.19639902489154212, -2.403945284191821, 1.302509657547521, 0.064814254618982797, 0.86860300362895826, 0.13637121074838773, -0.88723363004171285, -0.67325040564152705, -0.021113767704734724, 0.68126281086817098]
[-0.0014799052730840811, 0.0035125865468639272, 0.059059999681433953, -0.13024652214860122, -0.7189997961568213, 1.6546884938406805, 2.9218339395525068, -8.081085715422283, -2.6219795514479061, 14.656617845752832, -3.9633519467432019, -5.5160373228648885, -0.3791695203146484, 0.15405876937839968, 2.3309627847770309, -0.0035481651487625672, -0.0010461676974728648, 0.0056122341242512653, -0.025838956185070344, 0.027626727966228302, 0.16910093899857154, -0.46509133269949365, 0.02564295918309583, 1.0132473996065414, -0.87886365979527881, -0.012087725739419502, -0.15225002856784892, 0.21901998364744482, 0.24527505326851592, 0.022320393622833182, -0.073219611435824269, -0.20141903355664675]
[0.00053111806041802271, 0.011068236910147022, -0.012919816915652988, -0.07288175113180928, 0.11118191330267752, -0.37707397706140799, 0.51939823107569305, 3.3198596344256508, -6.7067012282169527, -3.9633519437734286, 15.187965808304003, -5.270734810519258, -4.7796697061247846, -0.033036109280871445, 1.5944199964815728, -0.0032551352711161774, 0.00030089303758895088, -0.011459584890681093, 0.051847323277697033, 0.0069973958660818902, -0.36173868252960428, 0.44461300233852707, 0.48814816522623633, -1.1603011143896715, 0.42119081127418267, 0.024753036904658354, 0.22433850957786436, 0.14958813048143757, -0.23773514130229045, -0.14541909289605498, -0.076041149464516511, 0.14079156897462741]
[-0.0039519076589744481, -0.0044735613326857271, 0.10717413436119241, 0.061663618949257426, -0.88199219464484324, -0.068235450174544354, 2.321087930547602, -0.090864534528603561, 0.5545965494767171, -5.5160372919712524, -5.2707348257816324, 17.198738846792317, -5.2681253182282841, -3.8908061189767755, -0.68995850880590082, 0.0058908478309773471, 0.00084752484262800307, -0.0025855449007974244, -0.051691006126307726, 0.15858864406658202, 0.21257926628971652, -1.0831692619055067, 0.34669782995072002, 1.8972463875878103, -1.5654055431197864, -0.037737676886855531, -0.71962651180137971, 0.56055727239221176, 0.45325795637935129, 0.43401743142975696, -0.19345423676918652, -0.4797320696198808]
[-0.0003262401587589166, -0.0055186009313076267, 0.0030427411589290356, 0.13252943423170649, 0.020550625202608891, -1.0743036480673944, 0.079322213304417688, 3.0269408310425514, -0.63315853010913847, -0.37916953140757959, -4.7796697086904958, -5.2681253168621627, 18.032723895096048, -5.837211991954474, -4.6084885440753007, -0.0012304939421779459, 0.00084216713816519045, -0.0040861345314809816, 0.0048642067942278322, 0.013341447660852879, -0.048477248536958888, 0.075857052554455628, -0.016747353308952304, -0.2274581925339598, 0.33612068711257603, -0.0064093648785394919, -0.080346196309206849, -0.22997468118054762, 0.079020802994624204, 0.1464621699632952, 0.061304920851164388, -0.04315185733237159]
[-0.00033095748439676185, -0.0055280693131405378, 0.003586638337993621, 0.045531510846990253, 0.014976914673377556, 0.0046739182233652699, -0.54096224641710144, -0.46699759590298839, 2.2870404667973623, 0.15405877707569093, -0.033036108760756286, -3.8908061167288279, -5.8372119944919811, 16.843350358709817, -7.9339114186554625, 0.011209131886875612, 8.5310817017243256e-05, 0.0045434745073021357, -0.027017418849417441, 0.009774061350251384, 0.17220119868065059, -0.26661468713383507, -0.18851738592025727, 0.61590535144875724, -0.26982156345350128, -0.0126037751933602, -0.15967229240319394, 0.02208448943159717, 0.076728928222245363, 0.096392404571054746, 0.010276434291560763, -0.063847417253235325]
[0.0025416984203262792, 0.00061911608955469988, -0.067225185192250306, -0.039147087871683639, 0.5248626408024365, 0.27396263801322629, -1.4773998331218319, -0.90873794384259388, 0.90565400658190842, 2.33096276873456, 1.5944200085513003, -0.68995851160660804, -4.608488543325719, -7.9339114184341826, 14.991560530710384, -0.015250585926106522, -0.00074122225776097493, 0.0055464656428554967, 0.020238874591171907, -0.11309527018446264, -0.038968557888795566, 0.61298782243630823, -0.36990633179813776, -0.95534422924546147, 0.90599590160863164, 0.020803547120451737, 0.45877698387689497, -0.39326781061158578, -0.2595313947531328, -0.29450564210697383, 0.14529376258281695, 0.30207678393210008]
[-6.2369251514623595e-06, 7.3242671489684875e-09, 0.00016010235647467787, -1.0562781441825404e-05, -0.0011137448076111816, 0.0002696514080846469, 0.0024238353151128313, -0.0005712861296473823, 0.00048267125596044495, -0.0035481651010221952, -0.0032551353026080885, 0.0058908478350648431, -0.0012304939449858255, 0.01120913188237364, -0.015250585920840868, 2.7580511764616772e-05, 4.4343047062042416e-06, -1.8865909178420656e-05, -6.8874660157263509e-05, 0.00035658561782549668, 8.1850125705381228e-05, -0.0017917059529834109, 0.0012419951635908465, 0.0025877957453900448, -0.0027331024444842322, -4.1269338921148823e-05, -0.0012189045492606986, 0.0016736677620528698, 0.00024969215786913246, 0.00064317869572300883, -0.00054910710839582385, -0.00058105943028177601]
[-6.4307649973779015e-06, -6.8052845561451239e-05, 0.00026834294451209736, 0.00034444351702541309, -0.0017566914355609899, 0.00010929371814900109, 0.0033828707187471543, -0.0015488756290740089, -0.00092029469690408164, -0.0010461674100091089, 0.00030089287091183525, 0.0008475248509092324, 0.00084216712524538568, 8.531075312948649e-05, -0.00074122220286633336, 4.4343046642197339e-06, 6.5087995533223982e-05, -0.00011305975995904706, -0.00086509502563173054, 0.0026359894834894326, 0.0022137229702784288, -0.013657905248079388, 0.0055786227182500654, 0.020657796895239274, -0.017472444449284655, -0.00039744179953819932, -0.0080281043361122469, 0.0062309480788367011, 0.0052780655046217491, 0.0045627681573307075, -0.0024206413320917971, -0.005233328016827723]
[8.7956773254493919e-05, -0.00026218276353345317, -0.0014040995037143207, 0.0037691927543062652, 0.005967568160570578, -0.016739570830387341, -0.0051919926178839353, 0.022486357863452881, -0.0041355420647710868, 0.0056122327985860644, -0.011459583588492792, -0.0025855452633821007, -0.0040861344032210589, 0.0045434746551522801, 0.0055464654675972981, -1.8865909288979577e-05, -0.00011305975997524454, 0.0014053655365466797, -0.0011817574214000237, -0.012837160426288859, 0.02160209163478731, 0.037671862266714463, -0.088357624988065375, -0.025583240142551138, 0.11305292638648906, -0.0016765900234614723, -0.0095484728429289095, -0.081653456465915625, 0.016024795360193394, 0.021620635758467541, 0.02753725831553587, -0.00018737470629202465]
[-7.6488419729808625e-05, 0.0020496706146385865, -0.0021916840746977104, -0.018500926808374549, 0.02721408410494346, 0.050638173425066581, -0.093275624300861976, -0.024777517183016556, 0.08104120432387163, -0.025838960900445001, 0.05184732469831807, -0.05169100542615869, 0.0048642068561771451, -0.027017417432880005, 0.020238873468662991, -6.8874658701165463e-05, -0.00086509502524910291, -0.001181757418525941, 0.023511205132859203, -0.033745120225949589, -0.11495712714392488, 0.28436392615897921, 0.064419520291909255, -0.55496755355388427, 0.26775310139582148, 0.015937137977062723, 0.2128269618762742, 0.08546394988512554, -0.26348325617896995, -0.16483044989872325, -0.0034126871964678049, 0.18226728750393306]
[-0.00057802223431144576, -0.001103114042249019, 0.017745757672288091, -0.0050173377622259596, -0.11701258706476472, 0.087479251963404336, 0.2544679517367533, -0.22452405056455871, -0.13373721635368696, 0.027626758778222654, 0.006997372726934019, 0.15858864756942315, 0.013341445363745118, 0.0097740561927297104, -0.11309526483670486, 0.0003565856161300944, 0.002635989482528682, -0.012837160444553703, -0.03374512013991629, 0.235539301907285, -0.052076045179842531, -1.1707691158986433, 1.2456729136588782, 1.6672121200548569, -2.6968553844580208, 0.0061641311684538696, 0.087967660060371045, 1.3017194493097308, 0.026175596030293159, -0.30459214129548101, -0.45586472045506748, -0.17044875903402784]
[0.00099691837729656233, -0.010876949340397679, -0.0049638758735110278, 0.11880631955870191, -0.050499675196341694, -0.41803404725776827, 0.35721113041611474, 0.40230649139376656, -0.44811046626973494, 0.16910093221553529, -0.36173866213641309, 0.21257925717033335, -0.048477245953194248, 0.17220119483683163, -0.038968556753101694, 8.1850117370562553e-05, 0.0022137229669895318, 0.021602091645048789, -0.11495712722584289, -0.052076044732217053, 0.87341106737170027, -0.55025212225365028, -2.1824724477576836, 2.0127692163531088, 1.7539331003039937, -0.15446196471677778, -1.7335568269105732, -3.5859459083411598, 3.1773940089924331, 1.8826696776974143, 0.75969239040887759, -1.746274145552235]
[0.00099143165501555056, 0.017086161538143803, -0.071597969458767896, -0.10920864156150345, 0.59639204505605714, 0.053080811325922461, -1.6388640635704497, 0.67962078518718061, 1.2059549929503306, -0.46509150176644981, 0.44461311605050124, -1.0831692728259057, 0.075857064721996506, -0.26661465490262015, 0.612987789900034, -0.0017917059354953802, -0.013657905237426922, 0.037671862417317431, 0.28436392551829404, -1.1707691166377314, -0.55025211761380444, 7.0097611683515106, -5.1937679636710321, -11.819047246011577, 15.840903015383166, 0.081822109504206139, -2.632013215766368, -1.9537914108521937, -3.4958274674390712, 1.7803512972645326, 1.4318826136432192, 2.1135054620808784]
[-0.0028217244346200251, 0.010505930978003508, 0.068370128486142254, -0.18989789019074022, -0.36150123355093339, 0.97809121261063847, 0.44675591391739466, -1.6050906834440399, 0.19639913153337618, 0.02564315690576624, 0.48814797966483842, 0.34669786907073741, -0.016747375697414829, -0.18851740492587959, -0.36990630120952589, 0.0012419951729419343, 0.0055786227216874668, -0.088357625248869476, 0.064419521327783294, 1.2456729137849409, -2.1824724544364575, -5.1937679513712087, 12.840928813563124, 5.402315902139911, -24.438972321494518, 0.53572412791062674, 12.423305946604179, 15.670658675543228, -11.266161831637096, -10.529687936790964, -3.2986768478921307, 6.1999302423503568]
[0.00036945007318522211, -0.036292213161341513, 0.085434698745611118, 0.30107303943683728, -0.87222741170166129, -0.62911940301018721, 2.7849585053947816, -0.43804641118445553, -2.4039452265176089, 1.0132476619296407, -1.1603012722699946, 1.8972463953041387, -0.22745821299444671, 0.61590529388870174, -0.95534417209361777, 0.0025877957058890455, 0.020657796862028364, -0.025583240465082445, -0.55496755199012582, 1.667212121736438, 2.012769204315306, -11.81904724714127, 5.402315940606174, 23.725232495593495, -28.135213177659317, -0.55113879925003117, 13.576942219829679, -15.304020036019988, 16.024356137045871, -2.0104151746308787, -0.013177074017836642, -6.8639570357386646]
[0.0015857223183844494, 0.016876641710163273, -0.11088309510519598, -0.040560934231589574, 0.87809255516566198, -0.46616249079648142, -2.1959873635993947, 1.856376893788771, 1.3025094197515714, -0.87886415757479686, 0.42119121951475363, -1.565405609329634, 0.33612074682447463, -0.26982149455357707, 0.90599580593219864, -0.0027331024302964524, -0.017472444419427989, 0.11305292731364293, 0.26775309741814429, -2.6968553872625094, 1.7539331303498491, 15.840902994149197, -24.438972382066215, -28.135213097961053, 71.283333793095991, -0.22612707016147571, -58.562341145197728, 4.8382411287352829, 10.179917079453634, 24.367406127890206, -1.0434146359121197, -9.5058512056000009]
[-2.6569506495053929e-05, 0.00062882606342926431, -0.00084060468796305805, -0.0073827479147618169, 0.01285968216433922, 0.026092822576950808, -0.054118682279548302, -0.02095856353119856, 0.064814257649922102, -0.012087722809011492, 0.024753031547804141, -0.037737675477519161, -0.0064093650366836121, -0.012603774133054649, 0.02080354685484893, -4.1269337331052225e-05, -0.0003974417952347582, -0.0016765900190186913, 0.015937137864142529, 0.0061641312877939586, -0.15446196404719245, 0.081822108562737084, 0.53572412633301403, -0.55113879766248974, -0.22612706680465594, 0.42906517927087245, -2.1259146581313759, 3.5671412237770719, 1.965122571719718, -6.9328596141122203, 2.6365252098612588, 0.80162108434077484]
[0.00078501802926848191, 0.0083082049515284528, -0.045862507519535536, -0.057963753351972569, 0.37826417771011778, 0.043431998445740305, -1.0621751103146138, 0.31593337355507545, 0.86860318472498754, -0.15224985574468536, 0.22433833192262925, -0.71962647042136751, -0.08034624767488957, -0.1596723071830041, 0.45877703156052779, -0.0012189045408034227, -0.0080281043910112124, -0.0095484738528878003, 0.2128269670134095, 0.087967661736570335, -1.7335568659293992, -2.6320131802724731, 12.423306028636413, 13.576942098746379, -58.562341152419606, -2.1259146504186921, 108.184769979721, -57.464540307178048, -33.097647720303179, 3.3200733734507395, 10.859454282206704, 14.184152782211237]
[-0.0023205249681495285, -0.0037960161272444504, 0.085845320641547387, -0.086550373643491829, -0.5317554500454531, 0.80497747569207512, 0.86176682748358591, -1.7427379071810776, 0.13637127496214774, 0.21902013046816471, 0.14958796324731735, 0.56055730472366427, -0.22997467867654273, 0.022084498332336239, -0.3932678141629517, 0.0016736677952190748, 0.0062309481718330001, -0.081653456270565916, 0.08546394708949942, 1.3017194509772718, -3.5859458893592953, -1.9537914291051521, 15.670658621201184, -15.304019999865275, 4.838241240481822, 3.5671412225457044, -57.464540514066819, 113.91284377452409, -51.800676904696793, -27.577454295811108, 1.6267233013787907, 14.452225256790527]
[0.00081942119181419688, -0.0022365376085100933, -0.0060099216369879265, 0.056758346716540231, -0.063062227831665707, -0.28748554086040201, 0.52863909163892586, 0.29790178153777469, -0.88723371864257849, 0.24527502709646676, -0.23773506146469042, 0.45325793159084071, 0.079020817011916211, 0.076728902821077513, -0.25953138566903222, 0.00024969211891393006, 0.0052780654773095089, 0.01602479568455626, -0.26348325698021879, 0.02617559499638844, 3.1773940161199543, -3.4958274786687813, -11.266161833723411, 16.024356187400848, 10.179916990994291, 1.9651225672817674, -33.097647558168127, -51.800677041635382, 133.9567642118331, -49.50816060217862, -26.011140268892614, -3.1003451768088723]
[-0.00031689522231223956, -0.0038101971148550261, 0.019784153363584543, 0.044045929618865554, -0.18560420274347403, -0.1380001102323769, 0.62255841968705639, 0.065546030959505341, -0.67325049914278079, 0.022320265587723043, -0.14541895133813237, 0.43401740232506825, 0.14646218882172629, 0.096392404947069452, -0.29450566275130552, 0.00064317868238028542, 0.0045627681138052691, 0.021620635991954535, -0.16483044972127772, -0.30459214402220258, 1.8826696795804971, 1.7803513052708482, -10.529687944656388, -2.0104151751976858, 24.367406112870512, -6.9328596153441477, 3.3200734404864196, -27.577454347151491, -49.508160612350572, 130.90484893148573, -48.142881233874306, -28.528055921841435]
[0.00071833322555862552, 0.00011464080328746351, -0.026991986833945304, 0.03758246535141907, 0.16844067634092832, -0.28682572154055919, -0.27758867630769579, 0.58809253979971254, -0.021113783305740874, -0.073219660676079101, -0.07604110242149531, -0.19345424433704039, 0.061304917530134187, 0.010276438180626355, 0.14529376010350453, -0.00054910711218688485, -0.0024206413397043205, 0.027537258260994357, -0.0034126868544210459, -0.45586472031838982, 0.75969238758239588, 1.4318826149270691, -3.2986768388604237, -0.013177078908871653, -1.0434146504872832, 2.6365252100420538, 10.859454303064703, 1.6267233110281309, -26.011140292370893, -48.142881237391961, 130.33970243581382, -57.260001812864417]
[-6.5999535439502702e-05, 0.0021402210464991078, -0.01453282370262558, -0.023701892469849439, 0.16646164586274359, 0.052839541341171081, -0.60527487242398781, 0.11814059526913824, 0.68126286532231983, -0.20141901835597942, 0.1407915183859671, -0.47973205563943111, -0.043151864770779313, -0.063847400858581857, 0.30207678109684499, -0.0005810594095133903, -0.0052333279890637479, -0.00018737484355195282, 0.1822672874914881, -0.17044875785791103, -1.7462741472425403, 2.1135054618803224, 6.1999302442554116, -6.8639570490084729, -9.5058511736986073, 0.80162108649532671, 14.184152706410813, 14.452225321631611, -3.1003451731727467, -28.528055931034931, -57.26000182011574, 128.75842828435432]
[[0.94815488697822337, 0.051845113021776655, -0.0079220520357806672, 0.00042487734531318196, -8.0203778354773874e-06], [-1080.8965711555772, 1080.8965711555772, -161.9688606792723, 8.5156398263463551, -0.15752343593428733], [3062.5402849408088, -3062.5402849408088, 468.41177192460594, -25.127646174648081, 0.47409417959159306], [-2901.353954154456, 2901.353954154456, -451.75852077068026, 24.699875323350867, -0.47545764382361544], [918.76208548224611, -918.76208548224611, 145.32353157738234, -8.0882938523944539, 0.15889492054414514]]
1950 63.377169 2
[-1.0982032338622756, 1.4769174860169625, 0.3640286946010826, -2.828804693876416, 1.27901376963085, 2.9126342923333493, -3.291087366436818, 1.5064275459594334, -0.42783566010979085, -0.7096140065399018, 0.905378406676434, -0.9137596848940809, 0.8023156399542262, -0.512217820701548, 0.4471974075908638, -0.22756675663868264]
[-3.0377141069989544, 3.3415135200514703, 1.3493301609750168, -3.256068766983541, 0.6363594989026347, 1.5298004210105713, -0.1948553986279898, -2.6590655876082887, -1.9388063223529155, 1.9904746103152582, -0.1720501388892793, 2.6077650354431134, 0.38529772424674535, 1.0923077617894985, -0.5175275251748659, -0.6568333274741174]
[1, 2, 3, 4, 5, 6, 7, 8, 9, 10, 11, 12, 13, 14, 15, 16, 17, 18, 19, 20, 21, 22, 23, 24, 25, 26, 27, 28, 29, 30, 31]
[[3], [1, 3], [1, 4], [1, 5], [2, 4], [2, 5], [9], [7, 9], [6, 9], [8, 9], [13], [14], [11, 13], [10, 13], [10, 14], [10, 15], [12, 15], [18], [19], [16, 18], [16, 19], [16, 20], [17, 20], [25], [21, 25], [21, 26], [23, 26], [22, 26], [24, 26], [29, 30], [29], [27, 29], [27, 31], [28, 31]]
[[0, 0.18], [0, 0.315], [0, 0.45], [0, 0.585], [0, 0.72], [0, 0.855], [1, 0.18], [1, 0.315], [1, 0.45], [1, 0.585], [1, 0.72], [1, 0.855], [2, 0.18], [2, 0.315], [2, 0.45], [2, 0.585], [2, 0.72], [2, 0.855]]
[[1, 0.018], [2, 0.027], [3, 0.019], [4, 0.016], [5, 0.025], [6, 0.03], [7, 0.04], [8, 0.02], [9, 0.04], [10, 0.019], [11, 0.021], [12, 0.021], [13, 0.021], [14, 0.04], [15, 0.03], [16, 0.023], [17, 0.038], [18, 0.08], [19, 0.024], [20, 0.041], [21, 0.015], [22, 0.015], [23, 0.035], [24, 0.046], [25, 0.019], [26, 0.015], [27, 0.029], [28, 0.035], [29, 0.021], [30, 0.021], [31, 0.022]]
[1, 2, 3, 4, 5, 6, 7, 8, 9, 10, 11, 12, 13]
