1000.0 0.0779191396 -0.7 5 -9.5652136 2 0 1e-14
41 16 33 7 7
0.493736398145 20.2431923239 1.11928755727 2.03929500637 0.0 3.04229481686e-07
[-0.4963410165752602, 2.0735547298519332, -2.0740910901089329, -1.7317325807816866, 0.83076565600090102, 5.8672605214125797, 1.1106172605169542, -9.7691154703222942, 0.85947111059150205, -2.3703222396339307, 3.7905749663697956, 2.0027368739324829, 3.4367668094826218, 1.8712447438019206, 1.6236218971311909, 0.63251306222941184, 0.33435160855768231, -37.706103317986162, 13.624464497897861, 38.315415036655395, -22.225653059010256]
0.746496095311 1.00006710923e-08
[0.00050415513051573467, -0.00095003410315292955, -0.0063274399528984856, 0.016030196908058861, 0.017351891849724233, -0.054288941564071762, -0.0019585959865965454, 0.014061169794544772, 0.020148942928298674, 0.02301629734332112, 0.015815540238516602, 0.012731339343731513, 0.0068571626967118358, 0.0043403489648425973, 0.0016271196074138863, 0.00070123658197292454]
[-0.00095003410167494742, 0.01031461690788972, -0.0022448727393861701, -0.097461119828277709, 0.096038523592710645, 0.24421405870789428, -0.28015978884094012, -0.01554102375433245, -0.11196977192778178, 0.014080782463878304, -0.0054798397692236624, 0.027336928222070234, 0.013443051259784521, 0.015005316298473896, 0.0056382826822709677, 0.0032705872780185237]
[-0.0063274399559570078, -0.0022448727050193872, 0.13851536320055954, -0.17361849774755553, -0.60040310074507441, 0.90120441034139298, 0.60870637134341188, -0.50261136274729912, -0.30959193110935795, -0.58473578051588115, -0.33002082056745685, -0.30463308621000057, -0.15021298576947137, -0.10132935077129751, -0.03600695198069663, -0.016317008030087655]
[0.016030196894024105, -0.097461119876536856, -0.17361849732314258, 1.3889479779096403, -0.32582257571851586, -4.5687488857176071, 3.0686151052801818, 1.1938427169154244, 1.5582562563978191, 0.73419568722155848, 0.49590381784262488, 0.22935320586630062, 0.11827698902536848, 0.049935159714937075, 0.018269812598367977, 0.0056027473927321124]
[0.017351891886809096, 0.096038523434103795, -0.60040310128241514, -0.32582257300826922, 3.973141794229095, -1.0869880647352816, -7.6906755956031647, 3.6377360234931007, 0.82689231787541051, 2.0267494765933356, 0.68089166044108529, 0.43749938201442656, 0.057614315948925285, -0.034776194326429498, -0.045244499939301949, -0.031010671097626643]
[-0.054288941552265893, 0.24421405900629797, 0.90120440949771496, -4.5687488882627045, -1.086988056374653, 17.988098332090196, -7.3389849730244539, -11.27327858318462, -2.5169708053475199, -2.5682092729909938, -0.21836298661548562, -0.21628944214724405, 0.15763875765236682, 0.079204843427540028, 0.065357555261792197, 0.02228790496715162]
[-0.0019585960687066115, -0.28015978875680403, 0.60870637303595576, 3.0686151019857051, -7.6906756017322904, -7.3389849588989637, 23.963790659449113, -5.4813128408315714, -7.5132111399522481, 2.0555435384705891, 1.0769273372107819, 3.7355022232005846, 2.1546063205183916, 2.0511653813478059, 0.82209161014729271, 0.45048913223876957]
[0.014061169895532048, -0.015541024099169611, -0.50261136454859923, 1.193842723864337, 3.6377360270234176, -11.273278606586913, -5.4813128383393437, 30.997808037479551, -8.4680559814535385, -10.309341767594345, -6.0737523364341852, -5.3818540111975883, -2.8185644275384671, -1.94010837334306, -0.73089975640354077, -0.34010828153426148]
[0.020148942834270708, -0.11196977160102188, -0.30959192935819108, 1.558256249358476, 0.82689231351021708, -2.5169707738861926, -7.513211146544891, -8.4680560145632757, 37.739942485254581, -6.1766599043982495, -4.063325071271116, -2.8374839442752027, -1.5136584437217608, -0.877393077979992, -0.32766025090463802, -0.13123971545730487]
[0.023016297359430154, 0.014080782106155289, -0.58473578022899608, 0.73419569146693886, 2.0267494706221965, -2.5682092869951401, 2.0555435607476191, -10.309341759574869, -6.17665991569275, 33.850919920985071, -7.1060783063447754, -7.2716039697527064, -3.9914150867048672, -2.9475876687574019, -1.1446572696176684, -0.55548408658412862]
[0.01581554019457361, -0.0054798395930848523, -0.33002081982987064, 0.49590381477503376, 0.68089165824606734, -0.21836297361626961, 1.0769273374639099, -6.0737523509261759, -4.0633250759912576, -7.1060782991865583, 40.601689562362957, -4.605180149767869, -2.547648470232013, -1.866630378276942, -0.72723239382703542, -0.3508998674400774]
[0.012731339332870455, 0.027336928120604103, -0.30463308567323921, 0.22935320614342622, 0.43749937824742757, -0.21628943875528506, 3.735502227214937, -5.3818540226657943, -2.837483930052985, -7.2716039761106144, -4.6051801474612537, 40.093107181257473, -2.8230314188554146, -2.1520561192775873, -0.84269524658896799, -0.4165549746270078]
[0.0068571626808010553, 0.013443051242878741, -0.15021298531864735, 0.11827698852813091, 0.057614313616857371, 0.15763876112220596, 2.1546063233197197, -2.8185644316758123, -1.5136584431991529, -3.9914150899106899, -2.5476484686723806, -2.8230314196535149, 43.599548967508021, -1.2019032080376901, -0.47147850097323635, -0.23323190864558746]
[0.0043403489836698053, 0.015005316201845195, -0.10132935108070854, 0.049935161452651762, -0.034776193913340629, 0.079204836351695951, 2.0511653834434522, -1.9401083676021045, -0.87739307561310365, -2.947587668424986, -1.8666303802278053, -2.1520561200589059, -1.2019032095863178, 44.241250559517454, -0.36643660160641589, -0.18294514436402845]
[0.0016271196061666945, 0.0056382826764137927, -0.036006951930886974, 0.018269812567064461, -0.045244500234565846, 0.065357555827372224, 0.82209161029374522, -0.7308997579588864, -0.32766024947125166, -1.1446572692051955, -0.72723239394762507, -0.84269524713939092, -0.47147850115014717, -0.36643660161764863, 45.029408980328334, -0.072050742144005864]
[0.00070123658113095514, 0.0032705872787286675, -0.016317008014569281, 0.005602747374632332, -0.031010671147756113, 0.022287904914468092, 0.45048913236815386, -0.34010828096812035, -0.13123971602925558, -0.55548408681722783, -0.35089986768599152, -0.4165549747072903, -0.23323190862074422, -0.18294514431301612, -0.072050742153689368, 45.137377654466768]
[[0.94815488697822337, 0.051845113021776655, -0.0079220520357806672, 0.00042487734531318196, -8.0203778354773874e-06], [-1080.8965711555772, 1080.8965711555772, -161.9688606792723, 8.5156398263463551, -0.15752343593428733], [3062.5402849408088, -3062.5402849408088, 468.41177192460594, -25.127646174648081, 0.47409417959159306], [-2901.353954154456, 2901.353954154456, -451.75852077068026, 24.699875323350867, -0.47545764382361544], [918.76208548224611, -918.76208548224611, 145.32353157738234, -8.0882938523944539, 0.15889492054414514]]
106 0.263823 2
[2.0836558684615527, -2.1388760601797103, -1.8593183775823683, 1.8503975296981612, 5.385098248455773, -1.2754509757322763, -8.25226856155626, -0.020741019540820225, 1.0547497388431175, 4.326884041548051, 2.754624276340891, 3.1936284249218163, 2.574261316591002, -0.05204320382404869, 1.8618031836785272, 0]
