1000.0 0.0779191396 -0.7 5 -9.5652136 2 0 1e-14
43 16 33 7 7
0.472793979856 20.3301411338 1.1765561103 2.07277040279 0.443947976963 0.000137420963251
[-0.49624237041823316, 2.0779055005448819, -2.0935204428294631, -1.8159413740277217, 1.2223779314405259, 5.8661516695650286, 0.064894625001154116, -8.8858368557842038, -0.68462118616725365, -1.0406103662470041, 4.6662921097401533, 3.6000107742732852, 4.0611611686338049, 2.3739103704282423, 2.0398899240573081, -0.36625656764976156, -0.26173116075696218, -227.1630494588162, 486.19360848020369, -362.71066573615371, 93.352272964964868]
0.746493974324 1.00017341406e-08
[0.00038135610947400458, -0.0004714585023824616, -0.0044985988929331739, 0.0077489606707675544, 0.013421007483377771, -0.018919348509530236, -0.011644297493001275, -0.022058490251049726, 0.028615878775480285, 0.017874916864352282, 0.023497192209311516, 0.014017819347698655, 0.0059947858650435852, 0.0050713908212133433, 0.013537438270854045, 0.029804310053225855]
[-0.00047145850190418879, 0.0073887258025104917, -0.0086149874338011453, -0.047783686967972, 0.086651729075017267, 0.053328021172640239, -0.16381346092522475, 0.10927512858047414, -0.079990316194469904, 0.026015395438354134, -0.021905390128236203, 0.0023168153887199671, 0.0058430560824702694, -0.0037702982492455591, -0.043364527553327828, -0.10453406995962718]
[-0.0044985988943029237, -0.008614987421116568, 0.10848388736773801, -0.055170345701095275, -0.51682565965565441, 0.37152220557490684, 0.70426801910511461, 0.078947143755264265, -0.47119163635958045, -0.49320343279503415, -0.45347371062025282, -0.31231019423237888, -0.13058622698428998, -0.10448024817805569, -0.22017394463654058, -0.47231906098787801]
[0.0077489606684348665, -0.047783686988092371, -0.055170345579539815, 0.48880788136711611, -0.14297316812162777, -1.0913706684882858, 0.87541080850316588, -0.8917890640901337, 0.74708593172989091, 0.50736237290856567, 0.68496141138061739, 0.69757825612893454, 0.27335416061148898, 0.41947310778910507, 0.85101844000674243, 1.7989206902708597]
[0.013421007493708902, 0.086651729023359284, -0.516825659788539, -0.14297316740742552, 3.088701431350577, -1.2101316177341557, -5.6691018200032088, 1.4198448298260196, 3.2580424691805496, 1.6335870083761568, 1.5405003484848978, -0.037422312506773601, -0.2685943537497929, -0.46087105066939266, 0.43076441958103601, 1.4749357752046206]
[-0.018919348510802965, 0.05332802126109791, 0.37152220534165831, -1.0913706689630251, -1.2101316157930206, 4.0550833757565794, 0.10398698185275401, -1.0725772342241469, -1.168653402115138, -1.4464574369099468, -1.699086403692637, -1.8137904178313833, -0.26433679727022924, -1.120975868561765, -3.6525334304356014, -8.3212565685733928]
[-0.01164429751195329, -0.16381346089463231, 0.70426801957808471, 0.87541080739578447, -5.6691018216758833, 0.10398698627041919, 15.48182312982758, -5.5950331507461009, -13.373625526276658, 2.1392059836815918, -0.20203825719209798, 5.425904387813163, 3.0035457626733355, 3.538263934019096, 1.6258616765880882, 1.325688058907194]
[-0.022058490237921311, 0.10927512858320228, 0.078947143408141768, -0.89178906358135002, 1.4198448312254979, -1.072577236703927, -5.5950331507202158, 15.785766194886584, -1.5040265642505757, -11.599243478681631, -1.9271086388041609, -5.3013679438202193, -3.3680101021327369, -2.2379498286715349, 3.6455326514525264, 10.781988815804183]
[0.028615878767539515, -0.079990316191491981, -0.47119163630536515, 0.74708593182149419, 3.2580424691489442, -1.1686534034727736, -13.373625526329045, -1.504026559897701, 27.603083281579181, -4.9129157869851321, -6.8717537148144032, -1.0717268963664819, -0.31781314200138056, 0.68749852699052383, -1.7573850397198942, -4.8784783883110077]
[0.017874916872862325, 0.026015395358246974, -0.49320343272321787, 0.50736237353324876, 1.6335870069039378, -1.4464574367789118, 2.1392059876819145, -11.599243485326895, -4.9129157841324851, 32.192834397130362, -6.2844955288560449, -7.0357214669016876, -3.9332933593141584, -2.9154816379802906, -0.57695393298629105, 0.83139661520922858]
[0.023497192232948917, -0.021905390276868185, -0.45347371072632059, 0.68496141273803213, 1.5405003475617698, -1.6990864055738502, -0.20203825380236032, -1.9271086456739215, -6.8717537109738229, -6.2844955253027202, 37.552756660940155, -4.0389835559817238, -2.0821947587491731, -1.3988132576794226, -1.7820376116930552, -3.3336300762896633]
[0.014017819324197666, 0.0023168153502997647, -0.31231019355875755, 0.69757825556630959, -0.037422315601697946, -1.8137904152466189, 5.4259043911427627, -5.3013679398244538, -1.0717268982574062, -7.0357214771342047, -4.0389835608628744, 37.929950055366788, -2.9485788308270373, -2.4584387847223517, -0.94224572377318805, -0.43392252137651477]
[0.0059947858643900767, 0.0058430560987080497, -0.13058622700142347, 0.27335416037462773, -0.26859435320585123, -0.26433679662318033, 3.0035457599399447, -3.3680101014115338, -0.31781313850775544, -3.9332933603595492, -2.0821947599463271, -2.9485788330796296, 41.594956247268229, -1.3725684449143056, -0.33605254082752284, 0.23229306560299151]
[0.0050713908105069145, -0.0037702982569618984, -0.10448024791711105, 0.41947310756736311, -0.4608710518278355, -1.1209758680038397, 3.5382639356530592, -2.2379498256832928, 0.68749852436489334, -2.9154816416265108, -1.3988132591007285, -2.4584387857090308, -1.3725684447323403, 42.017930159900168, -0.38720154340327406, -0.0024770563717379456]
[0.01353743827344649, -0.04336452762913106, -0.22017394446160254, 0.85101844042380481, 0.4307644180335502, -3.6525334304812418, 1.6258616803254566, 3.6455326491794073, -1.7573850416871832, -0.57695393167944853, -1.7820376119043544, -0.94224572334752721, -0.33605253997964929, -0.38720154383884847, 41.689138237606535, -3.6025805127829678]
[0.029804310057365908, -0.1045340700921617, -0.47231906064901441, 1.7989206909515911, 1.4749357721732346, -8.3212565682035748, 1.3256880666578081, 10.781988810300044, -4.8784783935075362, 0.83139661955557687, -3.3336300765305964, -0.43392252019481686, 0.23229306722095386, -0.0024770581655466925, -3.6025805133617688, 34.293879550704212]
[[0.94815488697822337, 0.051845113021776655, -0.0079220520357806672, 0.00042487734531318196, -8.0203778354773874e-06], [-1080.8965711555772, 1080.8965711555772, -161.9688606792723, 8.5156398263463551, -0.15752343593428733], [3062.5402849408088, -3062.5402849408088, 468.41177192460594, -25.127646174648081, 0.47409417959159306], [-2901.353954154456, 2901.353954154456, -451.75852077068026, 24.699875323350867, -0.47545764382361544], [918.76208548224611, -918.76208548224611, 145.32353157738234, -8.0882938523944539, 0.15889492054414514]]
353 0.457324 2
[2.0836558684615527, -2.1388760601797103, -1.8593183775823683, 1.8503975296981612, 5.385098248455773, -1.2754509757322763, -8.25226856155626, -0.020741019540820225, 1.0547497388431175, 4.326884041548051, 2.754624276340891, 3.1936284249218163, 2.574261316591002, -0.05204320382404869, 1.8618031836785272, 0]
