1000.0 0.0779191396 -0.7 5.0 13.96423678 2 0 0 1 1e-14
644 632 0 562 66 0 8 8 0 0 31 4
0.781080427114 503.015795061 0.0 374.33845886 101.437769385 0.0 0.0 3.1237731795 1.66989310143 0.0 0.0 22.1464022684 0.0279916233622 0.271506644551 0.0 0.0
0.91471682122 0.0229753138595 0.90967153054 0.032786900327
[0.23862192586615316, -1.0800095731725607, 1.3379255332258466, 0.34527781430619303, -1.3509515178185314, 0.67463434771109942, -1.4965015391994672, 0.40504654396163509, 5.1046066899815941, -6.3474230935071319, 1.4858370931329432, 1.2210030917794938, -0.53806731626684723]
[0.7263211192158554, -3.0352418716064338, 3.5008374343201889, 1.7866461600416679, -5.2260457576856041, -1.5972307636403706, 7.3216114842195488, 0.43898959121144715, -7.9172988097601928, 0.2542018259930785, 9.5424092210166691, -7.730246761876856, 1.9350471285502522]
[]
[]
[1.0043314049738583, 0.96159621166305576, 1.0047502316427661, 1.0226446271901848, 1.008558415311678, 1.0050975953571546, 1.013990973244993, 0.99952779606080977, 1.0222531968111124, 0.99738311587057804, 1.0138839878417736, 1.0208789214993013, 1.0051869879736757, 1.0079887163208079, 1.0025049873151015, 1.053374258902205, 0.9361756789272494, 1.0849870228590277, 1.0040328981387014, 1.0662044532449475, 0.99592530238314736, 0.99718026943722216, 1.0124325338878473, 0.99759869536307344, 0.97937151344030782, 0.99669458832550817, 0.98712593813511051, 1.0142228827543351, 1.0042094568707722, 1.0294414755908721, 1.0056153273126485]
[3.3695935088395396e-05, -5.4129872706485212e-05, -0.00038802190801663817, 0.00083342936928642989, 0.0012085549292813879, -0.0040599644864888675, 0.00070013418972963808, 0.0063062025396839584, 6.5517153139641999e-06, 3.8956998140259726e-05, -9.413516642797041e-05, -8.8947113884226296e-05, 0.00038017222014167395, -0.00022875064572543943, -0.00011848687910675459, 0.00032996810123977132]
[-5.4129872709197778e-05, 0.00048145602532645578, 0.00016809406906243389, -0.0037718510492585214, 0.0013356067930460605, 0.010427792110674407, -0.0041335671312320351, -0.017324316360995358, -2.0650506753865301e-05, -0.00014635084032292765, 0.00072246203176183014, -0.00031271156989731935, -0.002693183050566018, 0.0040545816971878272, 0.00083119846490083246, -0.0050239035375890676]
[-0.0003880219080148436, 0.00016809406901497167, 0.0070249361024451156, -0.011102128831787196, -0.029678536476756501, 0.078732455182390151, -0.0036390147240421126, -0.14294578678616576, -1.0534021513168598e-07, -0.00043637727837062397, 0.00011987049463829258, 0.0032766973474282523, -0.0052372776361142128, 0.00078248414357997415, 0.0034237068300284126, -0.014297702392986627]
[0.00083342936932363559, -0.0037718510492448592, -0.011102128832445055, 0.04744765375239423, 0.033018854709775822, -0.21305781853328162, 0.041579486208506294, 0.38740804136580104, 0.00014199362099152186, 0.0019590191699376527, -0.0073897178060953941, -0.00091021716127353506, 0.039234389793920819, -0.05603602509150251, -0.014461881324412519, 0.11225601561089248]
[0.0012085549292223682, 0.0013356067933719964, -0.029678536475970657, 0.033018854705133001, 0.16004902599587859, -0.36140314014689079, -0.041744103839879067, 0.78526972922130944, 0.00015950976957728667, -0.0011305870532753856, 0.008658516675748797, -0.014375877139098442, -0.02084312826655732, 0.064322847529441021, -0.0085182787397113085, -0.040906236259740943]
[-0.0040599644865167714, 0.010427792110130601, 0.078732455183265132, -0.213057818526143, -0.3614031401616748, 1.3403463275056737, -0.088035645274444504, -2.7326596686516278, -0.0010424012578988296, -0.0024059645706284425, 0.0084761232965172694, 0.018592593111001428, -0.083357803756795759, 0.081714355799962501, 0.062173155070317628, -0.32196201461056856]
[0.00070013418978807777, -0.0041335671312830221, -0.0036390147249934072, 0.041579486209370457, -0.041744103834214105, -0.088035645285880884, 0.22724875239640857, -0.13636673681915248, -5.0686344845461799e-05, 0.0031784720231100346, -0.010426645394263408, -0.0012201308549912278, 0.055417401455693814, -0.082697385509014662, -0.015101337387176599, 0.15262273889172678]
[0.0063062025396247367, -0.017324316359748518, -0.14294578678612993, 0.38740804134924817, 0.78526972924116345, -2.7326596686294025, -0.13636673684297423, 6.2374980009219172, 0.0032888445021047935, -0.0054428976019257639, 0.0031204204878577798, -0.016159245533707033, 0.040331990149312186, -0.010696808955197135, -0.099443263107137844, 0.37140417221953376]
[6.5517153182388016e-06, -2.0650506768421088e-05, -1.0534027961904148e-07, 0.00014199362121293009, 0.00015950976976477225, -0.0010424012588748834, -5.0686344603224823e-05, 0.003288844503640061, 7.7277862912017271e-05, -9.0093026579445113e-05, -0.00064063783023747859, 0.0015812371205598491, 0.0011202503511043556, -0.0055310380623268991, 0.00051142253081038771, 0.0085059133010108486]
[3.895699817241267e-05, -0.00014635084039923071, -0.00043637727887390877, 0.0019590191711233067, -0.0011305870512773725, -0.0024059645774893654, 0.0031784720242996048, -0.0054428975901226395, -9.0093026633703889e-05, 0.0014065134905793589, -0.0037145453132098067, -0.0029638600452473966, 0.028055096069509986, -0.040483797171525122, -0.01082281742051381, 0.098799720881600772]
[-9.4135166647260179e-05, 0.00072246203240547966, 0.00011987049799503, -0.0073897178159016298, 0.0086585166643912276, 0.0084761233449779094, -0.01042664540470265, 0.0031204204085438286, -0.00064063783005960232, -0.0037145453146423995, 0.024905100909011758, -0.018055447406133001, -0.13163423186273293, 0.27556300305977116, 0.02529593011461246, -0.57803129269925324]
[-8.894711376288392e-05, -0.0003127115704205126, 0.0032766973456721947, -0.00091021715358501922, -0.01437587713553143, 0.018592593081414189, -0.0012201308464886847, -0.01615924548894572, 0.0015812371207045385, -0.0029638600427120995, -0.018055447418143418, 0.059827247578814816, 0.0013825865580457098, -0.1539914307052338, 0.068556041518586686, 0.10442449122921495]
[0.00038017222164477211, -0.0026931830547412012, -0.005237277659236904, 0.039234389857980646, -0.020843128186385052, -0.083357804082967862, 0.055417401524790577, 0.040331990682343694, 0.0011202503495716509, 0.028055096077272641, -0.13163423184831083, 0.001382586467991566, 1.0082719866155774, -1.8607916495532135, -0.34148450467094255, 4.708042413818017]
[-0.00022875064891958829, 0.0040545817067915617, 0.00078248419225530744, -0.056036025237412752, 0.06432284737141164, 0.08171435650499051, -0.082697385667917761, -0.010696810090244322, -0.0055310380601155049, -0.040483797195458533, 0.27556300308063564, -0.1539914305433312, -1.8607916499018176, 3.9328130084143718, 0.33292159812239586, -9.289381077164462]
[-0.00011848687934458147, 0.00083119846496125657, 0.003423706834054031, -0.014461881326771052, -0.0085182787614168781, 0.062173155109892929, -0.015101337389645447, -0.099443263180431618, 0.00051142253184346498, -0.010822817416449438, 0.025295930074930743, 0.068556041555620048, -0.34148450442345779, 0.3329215975380706, 0.49499617572967008, -1.4692323897690529]
[0.00032996810880067196, -0.0050239035594221004, -0.014297702508695588, 0.11225601594462126, -0.040906235875151506, -0.32196201625791171, 0.15262273925770115, 0.37140417487270933, 0.0085059132946309485, 0.098799720930845908, -0.57803129269611053, 0.10442449081533539, 4.7080424142918913, -9.2893810764232239, -1.4692323910799281, 24.081974474404753]
[[0.34353104588099403, 0.65646895411900585, -0.16958560805876949, 0.015946063591474095, -0.00055034383187982968], [-75.576830093814806, 75.576830093814806, -17.691166227069566, 1.4918660098755754, -0.045591023653099055], [204.05744125329986, -204.05744125329986, 53.266148813087725, -5.0280382266640418, 0.17309576386336684], [-185.50676477572696, 185.50676477572696, -52.4237716482615, 5.389125660603665, -0.20281433078487851], [56.682622570360969, -56.682622570360969, 17.018374670302109, -1.8688995074066732, 0.075859934406490553]]
688 7.808055 2
[-1.0808968690522816, 1.3340384442182258, 0.3676548714558011, -1.3606267627847954, 0.5246087869434279, -1.1557752926571798, 0.34691034785024444, 4.355337302720526]
[-3.0375478605405997, 3.4847241926982115, 1.8476300753781567, -5.059034295789156, -2.8054065113812956, 9.393085841121549, 0.9327899277179017, -14.810520437343886]
[]
[]
[]
[[1, 0.018], [2, 0.027], [3, 0.019], [4, 0.016], [5, 0.025], [6, 0.03], [7, 0.04], [8, 0.02], [9, 0.04], [10, 0.019], [11, 0.021], [12, 0.021], [13, 0.021], [14, 0.04], [15, 0.03], [16, 0.023], [17, 0.038], [18, 0.08], [19, 0.024], [20, 0.041], [21, 0.015], [22, 0.015], [23, 0.035], [24, 0.046], [25, 0.019], [26, 0.015], [27, 0.029], [28, 0.035], [29, 0.021], [30, 0.021], [31, 0.022]]
[1, 2, 3, 4, 5, 6, 7, 8, 9, 10, 11, 12, 13]
