1000.0 0.0779191396 -0.7 5.0 13.96423678 4 0 0 1 1e-14
1306 1292 657 562 69 0 8 8 34 31 31 4
0.91539796488 1195.50974213 481.300404966 396.121654204 121.983799043 0.0 0.0 7.46161475154 9.83453630904 103.851206655 0.59294358787 74.2791043938 0.0155463348078 0.0650916859309 0.00378074866418 5.94531064969e-05
0.830006148779 9.99977867957e-05 0.850999228942 9.99999059274e-05
[0.23964191446266708, -1.1145354866745785, 1.450431287956566, 0.5398639091665125, -2.4192626712221155, 0.77803718338733574, 2.5975186117007949, -4.3994066467695365, 1.63462666976342, 5.5294069192510857, -9.1855428165394581, 5.5852201637843919, -1.235999038267142]
[0.73929521476591376, -3.0671498738320904, 3.4348043774670809, 1.7252561645706124, -3.7814719769836831, -3.1609912921002539, 1.8235186961616463, 13.652045802532422, -12.295355366547241, -15.075545733959885, 30.611903398716493, -18.646617679269639, 4.0403082684785403]
[-0.0051700090421970919, 0.0011781835642127004, 3.8816058042056935e-05, 0.0074406182042966286, 0.00087987160704835349, -0.005019009083570833, -0.0085718695633112182, -0.0074856409450457092, -0.00029281908715092449, 0.0019315882144353531, -0.0030851303262941056, 0.0, 0.0019976634310080992, -0.0079434370582693783, -0.0035821855234803215, -0.0056685830471182985, -0.0082829382868137812, -0.001399842267299928, 0.0024662285877035295, -0.0035051692674486087, -0.0040168720271828917, -0.0041589384845730102, -0.0080347270013047725, -0.010323559691219371, -0.0074158047914312034, 0.0047410947349368461, 0.001330438468132539, -0.0054605931906089858, -0.0096036582938988056, -0.0029643864489592602, -0.0012938869618087038, -0.012265519196318088, -0.001194594240572152, -0.02530120146259885]
[0.99721345561575991, 0.99041762083198748, 1.0057647129831488, 1.0083379191452331, 1.0061327099501558, 1.003565442698984, 1.0004125820396177, 0.99456339677197036, 1.0020616800419009, 1.0100504786907278, 0.99641715577851153, 1.0069986951712331, 1.0004645015370981, 0.99371437871436208, 0.99256853196436168, 1.0083568693535265, 1.0032488159726034, 1.0008895400838045, 0.99519137149374504, 0.99103534792094883, 1.0054591470849548, 1.0013749130910183, 1.0086253606320514, 0.99794421125928867, 0.99762526182761313, 0.9892655229329137, 1.0139798740460648, 1.0022378643857415, 0.99343106391503722, 1.0038636375748378, 0.98376552018982477]
[1.0300783885049618, 0.98716256517761114, 1.0325844284268626, 1.0514119812507965, 1.0349312465276002, 1.0238967199220013, 1.0412519580588626, 1.0232324128331087, 1.0533430002360229, 1.0215783109353787, 1.0380375677110132, 1.0479163812523953, 1.0274901598013015, 1.0335626780198075, 1.0258085920515967, 1.0896026807722274, 0.95582744059278435, 1.1079151162857119, 1.0277866574287666, 1.0915219971494041, 1.0084662704094163, 1.0097256251638793, 1.0310977737517706, 1.0104936228088186, 1.0054129807130359, 1.0230585443107738, 1.0125132583661853, 1.0393616997231367, 1.0271883709401641, 1.0470475191398374, 1.0263945232229283]
[1.7490671802824535e-05, -3.8386080514972004e-05, -0.00022106848836300072, 0.00049875017113788886, 0.00088260376791550607, -0.0024502319259279001, -0.00084315772091535712, 0.0052758346702043175, -5.1448015000577602e-07, 6.9016434028346878e-05, -0.00016928776491404945, -0.00025213170724356829, 0.0012937637199530963, -0.00078570111911619345, -0.0023672388375249884, 0.0038634651105316897]
[-3.8386080533505681e-05, 0.00048722100193311787, 0.00013536549100813709, -0.0046047478033633456, 0.0026214000852919916, 0.015801584523237325, -0.017903273100406507, -0.016076315649415807, -4.5939757544787379e-05, -0.00019798912126137017, 0.001423878423297308, -0.0011879300158863461, -0.0064269416917938551, 0.014348530220193115, -0.0016985762447002727, -0.02479610181490801]
[-0.00022106848831688779, 0.00013536549047188221, 0.0043669666887505027, -0.0047151993486735594, -0.025240104495334231, 0.039415261252915258, 0.047645867286279009, -0.12035440461529044, 0.00015543477404690971, -0.00087312944779673832, -0.00034971431892656733, 0.0091451091029543692, -0.011531493404394941, -0.024127007841310492, 0.064209578292705877, -0.020751710722195636]
[0.00049875017128903055, -0.0046047478026713662, -0.00471519935440275, 0.050947173705518753, -0.0089755965878656335, -0.20352904160897589, 0.17244802754165814, 0.26348202976824014, 0.00011110110633304161, 0.003067174060357605, -0.012251835846898557, -0.0029737276149721745, 0.078079134577758391, -0.097995663920986756, -0.089176490175970222, 0.27645363818607327]
[0.00088260376741369773, 0.0026214000884052756, -0.025240104489501921, -0.0089755966277465273, 0.19712982302880835, -0.12818983522053129, -0.55724859783950675, 0.79036807565377309, -0.00098488768900098912, 0.0018495510811881201, 0.015023435823968454, -0.053234811766566331, -0.010641785994865899, 0.25923923608209565, -0.32043280694099924, -0.16206997362965994]
[-0.0024502319260944275, 0.015801584517086971, 0.039415261271692724, -0.20352904156884849, -0.12818983538963388, 0.98658830891444382, -0.28149328474285518, -1.8362178193562706, 0.00091165273251881968, -0.014001419312514862, 0.030562826506041429, 0.073284775096677121, -0.30376506473880843, 0.098299730518781339, 0.75125699322458972, -0.96645135033445984]
[-0.00084315771916828545, -0.017903273104565867, 0.047645867252507614, 0.17244802762621883, -0.55724859769570911, -0.28149328523941514, 2.2147782323968968, -1.5752815728552152, 0.0010671089524143889, 0.0082169592228774797, -0.0627826554237748, 0.066978498575759979, 0.29677007192273941, -0.75781882327025119, 0.16851838727548502, 1.2937737146040054]
[0.0052758346688927234, -0.016076315633104264, -0.12035440462195424, 0.26348202961024214, 0.79036807586014313, -1.8362178189045957, -1.5752815738377062, 5.6071115694457863, -0.0025117726883203051, 0.018263139821242738, -0.0016656609605517267, -0.19684429306946072, 0.31221377704256281, 0.49911582029831891, -1.6218633948661498, 0.70690003653434363]
[-5.1448014229674113e-07, -4.5939757625309218e-05, 0.00015543477398634401, 0.00011110110725959466, -0.00098488768939575841, 0.00091165272890368632, 0.0010671089564173006, -0.0025117726845052392, 5.3195792731046369e-05, -8.7471163584889764e-05, -0.00058215505801309541, 0.0019273985501531295, 0.00045775537251270364, -0.0085301155855507689, 0.0093668106853974451, 0.0061586716096655508]
[6.9016434048575136e-05, -0.00019798912100772574, -0.00087312944858717895, 0.0030671740582558444, 0.0018495510885251055, -0.014001419309583693, 0.0082169591976178763, 0.018263139837567728, -8.7471163680209729e-05, 0.0011182254984070648, -0.0015490348831136917, -0.0080333258330909409, 0.02203731897106476, 0.0066378494530238844, -0.076089078377055266, 0.066790128608342172]
[-0.00016928776514445036, 0.0014238784243773206, -0.00034971431530725041, -0.012251835861619178, 0.015023435811712931, 0.03056282657858159, -0.062782655440570795, -0.0016656610932786337, -0.00058215505774591027, -0.0015490348851913847, 0.016523086992651245, -0.019439470262733821, -0.074218010608631757, 0.18666495611236711, -0.017033728342984882, -0.34287098280181089]
[-0.00025213170709956646, -0.0011879300208764917, 0.0091451091053415794, -0.0029737275624989404, -0.053234811826027149, 0.073284774919433179, 0.066978498893383198, -0.19684429298282938, 0.0019273985506598349, -0.0080333258308323274, -0.019439470279767307, 0.14307912975821041, -0.11387975437835489, -0.54459293805095299, 1.1667970533704459, -0.17739402703060281]
[0.0012937637214368134, -0.0064269416914975244, -0.011531493433754529, 0.078079134597695804, -0.010641785817590083, -0.30376506495857003, 0.29677007154450663, 0.31221377780415527, 0.00045775537001478944, 0.022037318984344106, -0.074218010592522726, -0.11387975450218443, 0.70642381355003236, -0.31378087886725664, -2.059310894835241, 2.8258902700302562]
[-0.00078570112141163311, 0.014348530242682012, -0.024127007817800132, -0.097995664184938366, 0.25923923614066197, 0.098299731599671467, -0.7578188242638989, 0.49911581895762175, -0.0085301155847559429, 0.0066378494303008517, 0.18666495615783493, -0.5445929379173815, -0.31378087931654552, 3.0975052406487511, -3.4263804065166958, -2.4358694440685453]
[-0.0023672388401596886, -0.0016985762737548038, 0.064209578365259354, -0.08917648991355151, -0.32043280761300702, 0.75125699259519707, 0.16851838979075007, -1.6218633956777071, 0.0093668106923121726, -0.076089078404094734, -0.017033728410592589, 1.1667970536525656, -2.0593108946248955, -3.4263804077426485, 12.889529995291422, -7.1852063016330341]
[0.0038634651180525894, -0.024796101829267191, -0.02075171084656242, 0.27645363843691612, -0.1620699730373229, -0.96645135182458308, 1.2937737139340768, 0.70690004004857832, 0.0061586716009992305, 0.066790128685104311, -0.34287098283480838, -0.17739402759791628, 2.8258902708012572, -2.4358694428836167, -7.1852063042566137, 12.724194751153865]
[[0.34353104588099403, 0.65646895411900585, -0.16958560805876949, 0.015946063591474095, -0.00055034383187982968], [-75.576830093814806, 75.576830093814806, -17.691166227069566, 1.4918660098755754, -0.045591023653099055], [204.05744125329986, -204.05744125329986, 53.266148813087725, -5.0280382266640418, 0.17309576386336684], [-185.50676477572696, 185.50676477572696, -52.4237716482615, 5.389125660603665, -0.20281433078487851], [56.682622570360969, -56.682622570360969, 17.018374670302109, -1.8688995074066732, 0.075859934406490553]]
1144 16.033825 2
[-1.104291446108187, 1.4493576804583859, 0.4047399166864662, -2.3033049353671715, 1.5630796981459416, 0.7798273874433985, -3.9437754105342693, 5.279717101553199]
[-3.0570272801283513, 3.3848166859461246, 1.9554971137983816, -4.032515314923296, -4.36646128318927, 5.573144015965191, 11.233460693125025, -17.288430324478952]
[1, 2, 3, 4, 5, 6, 7, 8, 9, 10, 11, 12, 13, 14, 15, 16, 17, 18, 19, 20, 21, 22, 23, 24, 25, 26, 27, 28, 29, 30, 31]
[[3], [1, 3], [1, 4], [1, 5], [2, 4], [2, 5], [9], [7, 9], [6, 9], [8, 9], [13], [14], [11, 13], [10, 13], [10, 14], [10, 15], [12, 15], [18], [19], [16, 18], [16, 19], [16, 20], [17, 20], [25], [21, 25], [21, 26], [23, 26], [22, 26], [24, 26], [29, 30], [29], [27, 29], [27, 31], [28, 31]]
[[0, 0.18], [0, 0.315], [0, 0.45], [0, 0.585], [0, 0.72], [0, 0.855], [1, 0.18], [1, 0.315], [1, 0.45], [1, 0.585], [1, 0.72], [1, 0.855], [2, 0.18], [2, 0.315], [2, 0.45], [2, 0.585], [2, 0.72], [2, 0.855]]
[[1, 0.018], [2, 0.027], [3, 0.019], [4, 0.016], [5, 0.025], [6, 0.03], [7, 0.04], [8, 0.02], [9, 0.04], [10, 0.019], [11, 0.021], [12, 0.021], [13, 0.021], [14, 0.04], [15, 0.03], [16, 0.023], [17, 0.038], [18, 0.08], [19, 0.024], [20, 0.041], [21, 0.015], [22, 0.015], [23, 0.035], [24, 0.046], [25, 0.019], [26, 0.015], [27, 0.029], [28, 0.035], [29, 0.021], [30, 0.021], [31, 0.022]]
[1, 2, 3, 4, 5, 6, 7, 8, 9, 10, 11, 12, 13, 14]
