1000.0 0.0779191396 -0.7 5.0 13.96423678 4 0 0 1 1e-14
1306 1292 657 562 69 0 8 8 34 31 31 4
0.876175769891 1144.28555548 464.445093708 390.203596416 121.467584677 0.0 0.0 3.37115992946 6.95833279037 95.9688262355 0.850587660312 60.8992534293 0.0229396675827 0.0963569607896 0.00179373608003 3.02666844365e-05
0.879004235252 9.9997339079e-05 0.850999449848 9.99993027536e-05
[0.23916329806729825, -1.1098585744140619, 1.4443808130578757, 0.47956946560308927, -2.2868947418748267, 1.1266329849846524, 1.250619843535097, -3.6310204715928061, 4.0822170237910935, 0.50409734649886673, -5.0851204605075679, 3.9677425439548983, -0.98152907110333132]
[0.73771106277980603, -3.05902280717312, 3.4032347075965532, 1.846453307927945, -3.9258466691617011, -3.7882696506479077, 4.0413315505557241, 11.829579022813636, -14.897175299946189, -8.1447821992596658, 24.318447634920062, -15.938779703621719, 3.5771190432160722]
[-0.0056461139720731151, -0.0015831051088734563, -0.00038032203968555827, 0.006747492945421746, 0.0010142089139764565, -0.0043384510083918559, -0.007743065507072551, -0.0064933678583098467, -0.0021093753810841895, 0.00077809404579671539, -0.0028665995209080052, 0.0, 0.0020388745617905394, -0.008515845291303949, -0.0030604188828385046, -0.0046447946507553062, -0.0079247318409025342, -0.0010794997106611456, 0.0027264251398576079, -0.0032344621931170805, -0.0025256464582797018, -0.003982749246736062, -0.0071833781178057216, -0.0090236031839725298, -0.0064548409247640664, 0.0045466492485642211, 0.0012264449659129314, -0.0048937633002572424, -0.0095101290463206044, -0.0025503200123533549, -0.00090856008316804373, -0.012226703365930125, -0.00094392284209550989, -0.025288522322234521]
[1.0013031679251123, 0.99375986503263714, 0.99884461231647026, 0.99796323404619514, 0.99524172445381343, 1.0041692972301475, 1.0002469553340509, 0.99535010150008418, 0.99504635628687266, 1.0090207713548103, 0.99655209327340966, 1.0065355537083009, 0.99418418509327644, 0.9876128723835822, 0.98678233965714313, 1.0067891270854314, 1.0019409969696456, 0.99423248041365175, 0.98933914878064699, 0.98686937774524452, 1.0048181812935928, 1.001448400518431, 1.0078137073012325, 0.99849410377047565, 0.99190795782737518, 0.98446985179107471, 1.0128673727329751, 1.0026330140399309, 0.98888305847646973, 1.0028641641982554, 0.9793270242990908]
[1.0265903774784693, 0.98399325025118678, 1.0288204308811011, 1.0462284186453625, 1.0310652314501985, 1.0215387299748542, 1.0374877444179509, 1.0194619827312166, 1.0484899348624461, 1.0174800807452138, 1.0346169355087427, 1.0446020853197358, 1.0248248391590333, 1.0300142953448064, 1.0226030668934536, 1.085450122229334, 0.95307898555612214, 1.1048827429588963, 1.0239576050363357, 1.0880416903566899, 1.0023487097578128, 1.0037103859356213, 1.0237477786047908, 1.0044771077351571, 1.0018218841994151, 1.0193316941658799, 1.0090067849680298, 1.0319309280130398, 1.0208377232504153, 1.0422540799784223, 1.0210786181800815]
[1.6999186086729367e-05, -3.7471443277880135e-05, -0.00021393081856862825, 0.00048707691910155454, 0.00085937371031999572, -0.0024066506250738579, -0.00084711682824448816, 0.0052701498659530254, -3.179183248081583e-07, 6.5234896016218611e-05, -0.00016128255168404684, -0.00022185961812622756, 0.0011796835875342356, -0.00078958873470825401, -0.0019373198824528784, 0.0033935599663969702]
[-3.7471443293736402e-05, 0.00048847018597333479, 0.00012373788565737734, -0.004630603261844668, 0.0026484983073832243, 0.016014871807496722, -0.017939532557271275, -0.016878202546063582, -4.6460779379257643e-05, -0.00018879305797426128, 0.0014079176545757088, -0.0012751958617393956, -0.0061462687274871242, 0.014433173437810629, -0.0028895753041357393, -0.023641754667910457]
[-0.00021393081852757011, 0.00012373788538462462, 0.0042556563387432878, -0.0045551799938635647, -0.024845658604177034, 0.038776611798570691, 0.04758080347717053, -0.12021215404666521, 0.00015210173001583348, -0.00081894773362720281, -0.00046020840694359675, 0.0087004980908588127, -0.0098849128016597169, -0.024041445350854552, 0.057913986577056986, -0.013892805006207321]
[0.00048707691916917797, -0.004630603261397033, -0.0045551799960415439, 0.051325106173071483, -0.0093824344084699422, -0.20632594894158815, 0.17291711834646026, 0.27395258615719087, 0.00011905118415804614, 0.0029251991101217605, -0.011987006895232506, -0.0015608191829559325, 0.073306903192826872, -0.099257783704193137, -0.068580905484802321, 0.25591974169959381]
[0.00085937371004520164, 0.0026484983082794671, -0.024845658602247248, -0.0093824344182120815, 0.19551148074122143, -0.1263927345418574, -0.55583795877824027, 0.78965161283074481, -0.00097355152681262642, 0.0017110773025633338, 0.015289772642922981, -0.052134425862394196, -0.014714988042693611, 0.25923037125424025, -0.30520399362486206, -0.1792550954462527]
[-0.0024066506249906293, 0.016014871804696747, 0.038776611803980857, -0.20632594892901038, -0.12639273457481692, 1.004193809289569, -0.28582756207320109, -1.8936059418824698, 0.0008741003327098892, -0.013387367637902235, 0.029441352138086872, 0.066742845731193448, -0.28178212906104333, 0.10480055624964096, 0.65312364236282028, -0.86884236403597459]
[-0.00084711682785670872, -0.017939532556079218, 0.047580803470583521, 0.17291711834558249, -0.55583795875381758, -0.28582756209113303, 2.2098643429360671, -1.5568947374607378, 0.001076686087661398, 0.0078600937717449321, -0.062029235973051697, 0.070754691666369204, 0.28366522416161399, -0.76172429237597383, 0.22644680164545647, 1.2373662420399139]
[0.0052701498655523069, -0.016878202542423545, -0.12021215405189718, 0.27395258614151885, 0.78965161286871299, -1.8936059418945397, -1.5568947374603621, 5.755721998536667, -0.00246803256733907, 0.017772612194999537, -0.001023675479669325, -0.18934157445814034, 0.28924636130352877, 0.48665556989075281, -1.5013672372708571, 0.59309203672667876]
[-3.1791830772634809e-07, -4.6460779430355882e-05, 0.0001521017298105978, 0.00011905118490005366, -0.00097355152630894403, 0.00087410032931741594, 0.001076686089052311, -0.0024680325620581893, 5.3091960481716219e-05, -8.6121546761140253e-05, -0.00058725466449234976, 0.0019191808326244092, 0.00052236549046124638, -0.0085701266619795467, 0.0091498674456583894, 0.0064995419311078958]
[6.5234895960339861e-05, -0.00018879305751741664, -0.00081894773368667922, 0.002925199106361541, 0.0017110773060982538, -0.013387367627909172, 0.0078600937583732447, 0.017772612186273386, -8.6121547048088182e-05, 0.0010575968338938277, -0.0013924975955867268, -0.0074856029654008097, 0.019754884439688085, 0.0065846369945191949, -0.066929518187338846, 0.056644676125683968]
[-0.00016128255191868052, 0.0014079176544128666, -0.00046020840208251402, -0.011987006901286807, 0.015289772621930198, 0.029441352185731903, -0.062029235969695555, -0.001023675568351215, -0.00058725466366087967, -0.001392497602373362, 0.016204085625519379, -0.020946179744719483, -0.069078577871982419, 0.18806871154940927, -0.038710877600666341, -0.32188778389713835]
[-0.00022185961694064709, -0.0012751958667716889, 0.0087004980813531578, -0.001560819125995502, -0.052134425862658221, 0.066742845517612254, 0.07075469182719446, -0.18934157419235326, 0.001919180834351511, -0.0074856029503074448, -0.020946179829402108, 0.13795379098323352, -0.091703651637949385, -0.54448001188600414, 1.07659260792936, -0.076185291836337266]
[0.0011796835871888687, -0.0061462687182121112, -0.0098849128196466587, 0.073306903142069779, -0.014714987895573283, -0.2817821290458089, 0.28366522386906301, 0.28924636150182681, 0.00052236548184286455, 0.019754884460983509, -0.069078577729538168, -0.091703652220708018, 0.62484218512694611, -0.32905891411518307, -1.7165263278511902, 2.4764335973796792]
[-0.00078958873992373245, 0.014433173450025316, -0.024041445284156106, -0.099257783909184133, 0.25923037108103653, 0.10480055722442889, -0.76172429279634402, 0.48665556845263785, -0.0085701266596818013, 0.006584636895610535, 0.18806871178194498, -0.54448001116863065, -0.32905891692265576, 3.1116129261775063, -3.3718644867770826, -2.5309341955908957]
[-0.0019373198741994924, -0.0028895753520581935, 0.057913986550686185, -0.068580905039802076, -0.30520399391520564, 0.65312364104290999, 0.22644680326030242, -1.5013672361696266, 0.0091498674726350447, -0.066929518124985488, -0.038710878421448637, 1.0765926089775752, -1.7165263239645574, -3.3718644966126243, 11.44495180092972, -5.6867676803558975]
[0.0033935599679839031, -0.023641754641315973, -0.013892805111111311, 0.25591974163498027, -0.17925509478985394, -0.86884236457864317, 1.2373662411515713, 0.59309203844106528, 0.006499541897765606, 0.056644676255514184, -0.32188778348291724, -0.076185294379486804, 2.4764335988065223, -2.5309341850935119, -5.6867676998880912, 11.260843765783996]
[[0.34353104588099403, 0.65646895411900585, -0.16958560805876949, 0.015946063591474095, -0.00055034383187982968], [-75.576830093814806, 75.576830093814806, -17.691166227069566, 1.4918660098755754, -0.045591023653099055], [204.05744125329986, -204.05744125329986, 53.266148813087725, -5.0280382266640418, 0.17309576386336684], [-185.50676477572696, 185.50676477572696, -52.4237716482615, 5.389125660603665, -0.20281433078487851], [56.682622570360969, -56.682622570360969, 17.018374670302109, -1.8688995074066732, 0.075859934406490553]]
1030 28.691892 2
[-1.104291446108187, 1.4493576804583859, 0.4047399166864662, -2.3033049353671715, 1.5630796981459416, 0.7798273874433985, -3.9437754105342693, 5.279717101553199]
[-3.0570272801283513, 3.3848166859461246, 1.9554971137983816, -4.032515314923296, -4.36646128318927, 5.573144015965191, 11.233460693125025, -17.288430324478952]
[1, 2, 3, 4, 5, 6, 7, 8, 9, 10, 11, 12, 13, 14, 15, 16, 17, 18, 19, 20, 21, 22, 23, 24, 25, 26, 27, 28, 29, 30, 31]
[[3], [1, 3], [1, 4], [1, 5], [2, 4], [2, 5], [9], [7, 9], [6, 9], [8, 9], [13], [14], [11, 13], [10, 13], [10, 14], [10, 15], [12, 15], [18], [19], [16, 18], [16, 19], [16, 20], [17, 20], [25], [21, 25], [21, 26], [23, 26], [22, 26], [24, 26], [29, 30], [29], [27, 29], [27, 31], [28, 31]]
[[0, 0.18], [0, 0.315], [0, 0.45], [0, 0.585], [0, 0.72], [0, 0.855], [1, 0.18], [1, 0.315], [1, 0.45], [1, 0.585], [1, 0.72], [1, 0.855], [2, 0.18], [2, 0.315], [2, 0.45], [2, 0.585], [2, 0.72], [2, 0.855]]
[[1, 0.018], [2, 0.027], [3, 0.019], [4, 0.016], [5, 0.025], [6, 0.03], [7, 0.04], [8, 0.02], [9, 0.04], [10, 0.019], [11, 0.021], [12, 0.021], [13, 0.021], [14, 0.04], [15, 0.03], [16, 0.023], [17, 0.038], [18, 0.08], [19, 0.024], [20, 0.041], [21, 0.015], [22, 0.015], [23, 0.035], [24, 0.046], [25, 0.019], [26, 0.015], [27, 0.029], [28, 0.035], [29, 0.021], [30, 0.021], [31, 0.022]]
[1, 2, 3, 4, 5, 6, 7, 8, 9, 10, 11, 12, 13, 14]
