1000.0 0.0779191396 -0.7 5.0 13.96423678 4 0 0 1 1e-14
1306 1292 657 562 69 0 8 8 34 31 31 4
0.906251192649 1183.5640576 477.309762281 394.68385697 121.886627982 0.0 0.0 6.31534592517 9.2531792622 102.000183999 0.602031009862 71.4205800031 0.0167286166388 0.0723570351816 0.0033516221096 5.28928710525e-05
0.84000578932 9.9997684104e-05 0.850999272725 9.99991358308e-05
[0.23954697423052013, -1.113611723981761, 1.4492427555528304, 0.5280282348330341, -2.3935417685968936, 0.847250127228409, 2.332590699912845, -4.249792413505395, 2.11909134666417, 4.53642707253359, -8.374244746392257, 5.264327618760706, -1.1853141772398175]
[0.7389825433717093, -3.065487523119503, 3.4280746859068225, 1.749595969206891, -3.8044760197315255, -3.29782410564795, 2.2509007905547125, 13.354183311210814, -12.855508219210856, -13.76905719297163, 29.49466084662521, -18.190399987563296, 3.9663549013684616]
[-0.005263924655132152, 0.0006273004852981991, -4.228938337403136e-05, 0.007301009408723709, 0.0009090100579090259, -0.0048790865091152165, -0.008406293144365569, -0.0072874880123785886, -0.0006580234795487149, 0.0016952624768548914, -0.003044258126880562, 0.0, 0.002002507553734662, -0.008060663436468203, -0.003477943357492736, -0.005464308847597174, -0.008215058840433762, -0.0013365499043416303, 0.0025163697203337996, -0.003451291614175867, -0.0037204259851595194, -0.004124007496959086, -0.007858593974745254, -0.010053522978190836, -0.00722396680139629, 0.004701707927432512, 0.0013093287125492605, -0.005338928842294517, -0.009581995067797415, -0.0028792765361870983, -0.001211109949957765, -0.012258032173747756, -0.0011432006184075088, -0.025294868693231387]
[0.998028602962878, 0.9910865142253066, 1.0043799153601929, 1.0062573038252012, 1.0039510108725545, 1.00368882749559, 1.0003795709772525, 0.9947209697147962, 1.0006558566236483, 1.0098487182470042, 0.9964443015646823, 1.006906074107429, 0.9992050036424758, 0.9924870736383689, 0.9914045056417632, 1.0080452405109335, 1.0029872817071304, 0.9995549551439341, 0.9940169197386671, 0.990198015029426, 1.0053328092189617, 1.0013961933283229, 1.0084644634118214, 0.9980675233319383, 0.9964766240893117, 0.9883017875490292, 1.0137497632340942, 1.002324720678836, 0.9925261598650155, 1.0036565273056117, 0.982882598865351]
[1.0293831158025337, 0.9865337297507526, 1.031834008906784, 1.0503749987111815, 1.034166034809341, 1.0234258960342708, 1.0405020789188504, 1.0224827421224791, 1.052377977241361, 1.0207601526416201, 1.0373592643901242, 1.0472600918862218, 1.0269613282970909, 1.0328591493933712, 1.025174482450866, 1.088784315896579, 0.9552790238306079, 1.1073231048297663, 1.027025254299545, 1.0908365991795272, 1.0072431958932448, 1.0085225349073206, 1.0296265562126035, 1.0092907347728146, 1.004701254164453, 1.022319132756173, 1.0118090615034587, 1.037875270346801, 1.0259182056022247, 1.046094135943578, 1.0253395705161958]
[1.7482399097491928e-05, -3.803720188594958e-05, -0.0002210794146971915, 0.0004941972949896625, 0.0008831960559323981, -0.002426134694738319, -0.0008525565346084156, 0.005216056756845312, -5.219885691884544e-07, 6.919744524508956e-05, -0.00016975850147612223, -0.0002555960011696714, 0.001307129450271519, -0.0007816912581824636, -0.002436434556198289, 0.0039362976083152385]
[-3.8037201894131664e-05, 0.0004810990026876973, 0.00013500925964120503, -0.004534407557135578, 0.0025883562724877685, 0.015497151278613664, -0.01765541072699605, -0.015537177832549272, -4.47373737706789e-05, -0.00019724703174192187, 0.0013898373489545394, -0.001124527213862648, -0.006281175167476239, 0.013863972565471271, -0.0015964218407997887, -0.023904092639291503]
[-0.00022107941466969108, 0.00013500925953230055, 0.004355402139520555, -0.00467996384447088, -0.025136684662288675, 0.03907411488161504, 0.047466053580216216, -0.11922221773405789, 0.00015161352311882868, -0.0008725014387820649, -0.0002524413085834331, 0.008997257426095497, -0.012125792888384824, -0.02280404711268416, 0.06512568357788656, -0.024666434495124435]
[0.0004941972950121411, -0.004534407557163233, -0.004679963844725856, 0.050086056881292765, -0.00881224227455658, -0.1995174262455855, 0.16992757209968654, 0.2557454362428806, 0.00010522865496519673, 0.0030565115943962263, -0.012050800393525598, -0.003431894092253243, 0.07762520525236799, -0.09493228273906813, -0.09261767119582412, 0.2742355953841837]
[0.0008831960557377867, 0.002588356273369126, -0.02513668466247136, -0.008812242277201062, 0.19615596439661176, -0.1276984440146265, -0.5546386897395081, 0.786554231434361, -0.00095171032929116, 0.0018215380978653072, 0.014253041892153533, -0.051555954575984296, -0.007176306948296546, 0.24745997989882926, -0.31998166474810064, -0.13731158088678097]
[-0.002426134694576451, 0.015497151278352272, 0.03907411488053481, -0.1995174262449291, -0.12769844400868033, 0.9665869886711898, -0.27220117515872433, -1.7954091838884725, 0.0008971285839842746, -0.013898306086508425, 0.030507620392571197, 0.07334548773173244, -0.30548293635064927, 0.09783461752459734, 0.7665130806137844, -0.9849935711154575]
[-0.0008525565343012534, -0.017655410730414725, 0.047466053586308066, 0.1699275721121542, -0.5546386897801842, -0.27220117512944353, 2.202943882799621, -1.588341296516095, 0.0009846705373306717, 0.008314353185913125, -0.06091495290147381, 0.061610634264895575, 0.29210356734956433, -0.7259264245752539, 0.1432449164725291, 1.2553700349839767]
[0.005216056756247761, -0.015537177828610131, -0.11922221773814523, 0.2557454362276762, 0.7865542314668464, -1.7954091839111581, -1.5883412964834367, 5.52226259841527, -0.0024005845484053184, 0.01783072104645725, -0.0028950629962928324, -0.1914572645908299, 0.3165695925868077, 0.47281728359989394, -1.621643586861301, 0.7673001888595914]
[-5.21988560300553e-07, -4.473737376146583e-05, 0.00015161352296144735, 0.00010522865496330225, -0.000951710328208115, 0.0008971285832475308, 0.0009846705342216734, -0.002400584544030908, 5.1981912584115205e-05, -8.568853963415864e-05, -0.0005566856779348344, 0.0018579947258694502, 0.0003724999979859999, -0.008104495354507744, 0.009176542327876118, 0.005464338128157421]
[6.919744522163496e-05, -0.00019724703173317794, -0.0008725014386014483, 0.0030565115947470416, 0.0018215380961634979, -0.013898306088075655, 0.00831435319520587, 0.017830721041147482, -8.568853973552607e-05, 0.0011272458210071874, -0.0016223374124213557, -0.008091445998033442, 0.022847996658288065, 0.0061038437333541485, -0.07901204793944037, 0.07131161966742455]
[-0.00016975850161985866, 0.0013898373486967135, -0.0002524413052561334, -0.01205080039438144, 0.0142530418700685, 0.030507620415255884, -0.060914952849990295, -0.002895063090973725, -0.0005566856776371668, -0.0016223374146877455, 0.016093084184321853, -0.017474143122146464, -0.07451240488418445, 0.17733193717155807, -0.003127520790015517, -0.33887767724584583]
[-0.0002555960005330634, -0.0011245272127077058, 0.008997257414793954, -0.0034318941009864948, -0.05155595448682346, 0.073345487711447, 0.061610633961567574, -0.19145726426589726, 0.001857994726373643, -0.00809144599315844, -0.01747414314734613, 0.14112821095998004, -0.12775838445378815, -0.5208642999663619, 1.1966191070085763, -0.2626402935798876]
[0.0013071294501569616, -0.006281175168550451, -0.01212579289033702, 0.0776252052814555, -0.007176306969046211, -0.30548293649005304, 0.29210356759715617, 0.3165695926404429, 0.00037249999517796097, 0.022847996665743636, -0.07451240484446375, -0.12775838462184055, 0.7389495211606993, -0.2791080615055735, -2.2503392536637397, 2.971402228418299]
[-0.0007816912611514886, 0.013863972559965576, -0.02280404705275077, -0.09493228272134491, 0.24745997945951145, 0.09783461777534183, -0.7259264232822187, 0.47281728187518135, -0.008104495353295703, 0.006103843701164957, 0.17733193723784024, -0.520864299751869, -0.27910806228437973, 2.9457954970783593, -3.376311619208063, -2.168118715045877]
[-0.0024364345515481057, -0.0015964218257267793, 0.06512568349342053, -0.09261767135685622, -0.31998166396957883, 0.7665130808214672, 0.14324491342489232, -1.6216435844246273, 0.009176542335671157, -0.07901204792190647, -0.0031275210080462653, 1.196619107283754, -2.250339252648354, -3.376311621778407, 13.668108060173338, -8.188091996543019]
[0.003936297609204044, -0.023904092645433674, -0.02466643452195641, 0.2742355955305887, -0.13731158086994585, -0.9849935718571801, 1.255370035772465, 0.7673001896311046, 0.005464338117457588, 0.07131161971274042, -0.3388776771462034, -0.2626402942979141, 2.971402228888955, -2.168118712320133, -8.188092001650249, 13.303296893985296]
[[0.34353104588099403, 0.6564689541190059, -0.1695856080587695, 0.015946063591474095, -0.0005503438318798297], [-75.5768300938148, 75.5768300938148, -17.691166227069566, 1.4918660098755754, -0.045591023653099055], [204.05744125329986, -204.05744125329986, 53.266148813087725, -5.028038226664042, 0.17309576386336684], [-185.50676477572696, 185.50676477572696, -52.4237716482615, 5.389125660603665, -0.2028143307848785], [56.68262257036097, -56.68262257036097, 17.01837467030211, -1.8688995074066732, 0.07585993440649055]]
691 16.891831 2
[-1.104291446108187, 1.4493576804583859, 0.4047399166864662, -2.3033049353671715, 1.5630796981459416, 0.7798273874433985, -3.9437754105342693, 5.279717101553199]
[-3.0570272801283513, 3.3848166859461246, 1.9554971137983816, -4.032515314923296, -4.36646128318927, 5.573144015965191, 11.233460693125025, -17.288430324478952]
[1, 2, 3, 4, 5, 6, 7, 8, 9, 10, 11, 12, 13, 14, 15, 16, 17, 18, 19, 20, 21, 22, 23, 24, 25, 26, 27, 28, 29, 30, 31]
[[3], [1, 3], [1, 4], [1, 5], [2, 4], [2, 5], [9], [7, 9], [6, 9], [8, 9], [13], [14], [11, 13], [10, 13], [10, 14], [10, 15], [12, 15], [18], [19], [16, 18], [16, 19], [16, 20], [17, 20], [25], [21, 25], [21, 26], [23, 26], [22, 26], [24, 26], [29, 30], [29], [27, 29], [27, 31], [28, 31]]
[[0, 0.18], [0, 0.315], [0, 0.45], [0, 0.585], [0, 0.72], [0, 0.855], [1, 0.18], [1, 0.315], [1, 0.45], [1, 0.585], [1, 0.72], [1, 0.855], [2, 0.18], [2, 0.315], [2, 0.45], [2, 0.585], [2, 0.72], [2, 0.855]]
[[1, 0.018], [2, 0.027], [3, 0.019], [4, 0.016], [5, 0.025], [6, 0.03], [7, 0.04], [8, 0.02], [9, 0.04], [10, 0.019], [11, 0.021], [12, 0.021], [13, 0.021], [14, 0.04], [15, 0.03], [16, 0.023], [17, 0.038], [18, 0.08], [19, 0.024], [20, 0.041], [21, 0.015], [22, 0.015], [23, 0.035], [24, 0.046], [25, 0.019], [26, 0.015], [27, 0.029], [28, 0.035], [29, 0.021], [30, 0.021], [31, 0.022]]
[1, 2, 3, 4, 5, 6, 7, 8, 9, 10, 11, 12, 13, 14]
