1000.0 0.0779191396 -0.7 5.0 13.96423678 4 0 0 1 1e-14
1298 1288 657 562 69 0 8 8 34 31 31 0
0.879456559365 1141.53461406 464.741566923 388.196787755 117.457201697 0.0 0.0 5.25110993706 6.24687645436 97.0897008514 0.856161329677 61.6932498027 0.0 0.0 0.00193595156602 2.33546171294e-05
0.879004399945 9.99982960388e-05 0.850999516734 9.99993128081e-05
[0.23941204701663643, -1.1042391225142718, 1.4442242122788016, 0.35364301577725166, -2.3640064410711794, 2.0415376669684808, 1.8100207009577243, -6.6607905369429004, 3.0416556556151226, 5.6872971563524226, -5.323622689370497, 0.13250414465521487, 0.70236419027709474]
[0.73760068146236102, -3.0604469995847365, 3.4135348612598762, 1.8490828168798628, -4.0187582672567368, -3.6643372534210488, 4.219144565241133, 11.177161464638393, -14.38063963571417, -7.5752155315667551, 22.893904925289405, -14.903237662293975, 3.3122060350662252]
[-0.0055444694567966801, -0.0015720700118792706, -0.00035582075154539451, 0.0067555639732621965, 0.0010463462212466066, -0.0043151125551778883, -0.0076747763735027976, -0.0064164335970066161, -0.0020187446717192881, 0.00092438231344287101, -0.0029216986703903373, 0.0, 0.0019309094244833879, -0.0084467900811376409, -0.002997922528144392, -0.0046106928123983166, -0.0077602435717924181, -0.0010121651767673204, 0.0024569587114087062, -0.0032691158567783717, -0.0024326189409176282, -0.0040919140439902787, -0.0071062324755667757, -0.0089301096867660801, -0.0064993003366460231, 0.004337083438387704, 0.0011304485154772829, -0.0049425317012306283, -0.009645351145098938, -0.0024651322161212399, -0.00081354531133298472, -0.012672279631105817, -0.00090823689787390238, -0.02563326905880442]
[1.0012809668178064, 0.99384046836267326, 0.99886849526675625, 0.99798909122742296, 0.99530097422385, 1.0040279435954076, 1.0002361858562641, 0.99540191451286919, 0.99519721053828036, 1.0089282642071855, 0.99659006680580753, 1.0063139557702832, 0.99432101144906415, 0.98782367808097815, 0.9870415293860425, 1.0067960985152735, 1.0016562486796954, 0.99434625471744564, 0.98944792098443812, 0.98706415262310021, 1.0051898418776013, 1.0016276080966928, 1.0080102420788815, 0.99865228637568204, 0.99173824836302449, 0.98422718184650426, 1.0130691054744079, 1.0031933751997362, 0.98886258521487636, 1.0025599063906405, 0.97879832114606835]
[1.0272053120253273, 0.98447317108310473, 1.02939661374464, 1.0462642801365605, 1.0320731545308373, 1.0216388095273912, 1.0381984068320902, 1.0198225672048213, 1.0485796370998697, 1.0175343883628694, 1.0355022143259596, 1.0447630962824621, 1.0249573496162236, 1.030824505714049, 1.0226157672294425, 1.0849606845420183, 0.95337994330118325, 1.1062786753294371, 1.0246155980799385, 1.0888820105832144, 1.0023739758866812, 1.0037358184211718, 1.0238188291634838, 1.0044991845371753, 1.0024013193992394, 1.0199945911317148, 1.0092018723909795, 1.0320959002711587, 1.0209429541244586, 1.0424294047824223, 1.021129634466766]
[2.2496046917499741e-05, -3.8364074522751835e-05, -0.00033295432907607704, 0.00041930872469695145, 0.0017046608708225885, -0.0018543680701433411, -0.0036266795791444371, 0.0040670916441702815, -5.3519415943076111e-07, 7.5039254774137833e-05, -0.00020103578361056605, -0.00024983477164362968, 0.001653403101368607, -0.0013507378679908765, -0.0034356626539988719, 0.006760862427266901]
[-3.8364074514603486e-05, 0.0004964344122558753, 0.00013775126615036282, -0.0047327074402828493, 0.0025943828281926426, 0.016516886611803779, -0.018029865587771639, -0.017934601855686485, -4.7293058632963484e-05, -0.00019600214620737132, 0.0014615153711602514, -0.0012754688699890822, -0.0066910424698421473, 0.015147613230575643, -0.0012419213674896002, -0.02747044240581456]
[-0.00033295432910861931, 0.00013775126639504337, 0.0068577467046270334, -0.0029770084209773222, -0.043516028799057159, 0.026272281386879703, 0.1094932011375977, -0.093687005422614184, 0.00015840199924358064, -0.0010020566773511481, 0.00026646093009338886, 0.0090870819914303704, -0.018576977253441325, -0.012478848350056809, 0.084662563404338975, -0.079242209071183178]
[0.00041930872468010257, -0.0047327074406932779, -0.0029770084189336601, 0.053887617911407705, -0.021550734644124006, -0.22213496821831483, 0.2175819442890467, 0.30647482874641774, 0.00013241173310458515, 0.0029416887363996292, -0.012299326178076534, -0.0017505050103629955, 0.076194993810576914, -0.10039557935888685, -0.078916037125439542, 0.26845310574944137]
[0.0017046608710684957, 0.0025943828270406227, -0.04351602880158173, -0.021550734630864234, 0.33104140755543388, -0.032783809226667335, -1.0097205027594751, 0.59674972898197998, -0.0010226606708444639, 0.0027838456752073103, 0.010986148297930367, -0.053021994247054116, 0.036383270673915613, 0.17950342919830681, -0.45540738338638398, 0.23615537175374124]
[-0.0018543680703999371, 0.016516886614730143, 0.026272281383220547, -0.22213496823514009, -0.032783809185023605, 1.1064955051178322, -0.61756535141870583, -2.1068117866627105, 0.00080131973472246081, -0.013069807938227075, 0.0293951771662685, 0.06633126541616656, -0.27676283298627763, 0.088959974789551699, 0.6415056489405887, -0.795206059392503]
[-0.0036266795795826569, -0.018029865587726568, 0.10949320114880841, 0.21758194427259017, -1.0097205028083716, -0.61756535131881685, 3.74579240860395, -0.88499861871401198, 0.0012513523228643601, 0.0049767333668563132, -0.050469598511147358, 0.069090848533382501, 0.14703847094576283, -0.51324331552026858, 0.606918670517127, 0.032235936053356895]
[0.0040670916451433087, -0.017934601860683921, -0.09368700543062726, 0.30647482879221621, 0.59674972898494727, -2.1068117867835983, -0.88499861861684037, 6.2225507742613075, -0.0023090201145836101, 0.016121517854888218, 0.0019399245827229419, -0.17928935204154078, 0.23854531635328424, 0.51875479722573681, -1.3160861989808919, 0.26509492779988697]
[-5.3519416763090666e-07, -4.7293058596898719e-05, 0.00015840199935063953, 0.00013241173263220564, -0.0010226606710381843, 0.00080131973662350361, 0.0012513523215673507, -0.002309020116401429, 5.391412903536956e-05, -8.4170811024412181e-05, -0.00061309317873297373, 0.001917735728979185, 0.00076972564513018492, -0.0088100301210757414, 0.0083439787728513716, 0.0079560854443954318]
[7.5039254790803362e-05, -0.00019600214651228692, -0.0010020566768460519, 0.0029416887386262951, 0.0027838456694128481, -0.01306980794106802, 0.0049767333852680333, 0.016121517844184495, -8.4170810868195467e-05, 0.0011311506973352933, -0.0016912036254169709, -0.0080290352475986537, 0.023517958924833254, 0.0049111104152058764, -0.080930552735489783, 0.076784323305488761]
[-0.00020103578346805211, 0.0014615153711896242, 0.00026646092617491741, -0.012299326173538294, 0.010986148319124442, 0.029395177130702378, -0.050469598534955647, 0.0019399246556023007, -0.00061309317916493841, -0.0016912036218849394, 0.017862136256813606, -0.019212564766378483, -0.087818721972890326, 0.20066211967950734, 0.027117532520338345, -0.42740516801595951]
[-0.00024983477225162207, -0.0012754688653463103, 0.009087081993158103, -0.0017505050556031276, -0.053021994208872866, 0.066331265543825679, 0.069090848307081454, -0.17928935204249186, 0.0019177357275995898, -0.0080290352562301381, -0.019212564711090976, 0.14307552125994913, -0.11639762559382577, -0.54254204024492447, 1.176526780100023, -0.19298441489277862]
[0.0016534031015331438, -0.0066910424792335083, -0.018576977228141622, 0.076194993866658303, 0.036383270442150908, -0.27676283297500581, 0.14703847157152033, 0.23854531580399096, 0.00076972565101584883, 0.023517958916435024, -0.087818722083505107, -0.11639762519115864, 0.84448478142327221, -0.45511780429914134, -2.5069811525365631, 3.6811201668021516]
[-0.0013507378651194009, 0.015147613218197187, -0.012478848388386341, -0.10039557919718181, 0.17950342927767449, 0.088959974137477901, -0.51324331511659338, 0.518754797861672, -0.0088100301209890954, 0.0049111104683360884, 0.20066211953010493, -0.54254204071297785, -0.4551178022728859, 3.2541477409013893, -2.9815969302093892, -3.3387255774462492]
[-0.0034356626590239213, -0.001241921311875116, 0.084662563363182813, -0.078916037589897639, -0.45540738259469588, 0.6415056498715761, 0.60691866744203526, -1.3160861977265206, 0.0083439787495940883, -0.080930552784336807, 0.027117533186209512, 1.1765267792337786, -2.5069811556569004, -2.9815969222181282, 14.34601340724981, -9.9155388204773534]
[0.0067608624270726857, -0.027470442442552478, -0.079242208948414883, 0.26845310593877419, 0.23615537071446044, -0.79520605910723474, 0.032235938657676488, 0.26509492510039212, 0.007956085469995924, 0.076784323253747067, -0.42740516845662307, -0.19298441299688171, 3.6811201662182071, -3.3387255863170235, -9.9155388045080404, 18.071044030284558]
[[0.34353104588099403, 0.65646895411900585, -0.16958560805876949, 0.015946063591474095, -0.00055034383187982968], [-75.576830093814806, 75.576830093814806, -17.691166227069566, 1.4918660098755754, -0.045591023653099055], [204.05744125329986, -204.05744125329986, 53.266148813087725, -5.0280382266640418, 0.17309576386336684], [-185.50676477572696, 185.50676477572696, -52.4237716482615, 5.389125660603665, -0.20281433078487851], [56.682622570360969, -56.682622570360969, 17.018374670302109, -1.8688995074066732, 0.075859934406490553]]
2945 79.476736 2
[-1.104291446108187, 1.4493576804583859, 0.4047399166864662, -2.3033049353671715, 1.5630796981459416, 0.7798273874433985, -3.9437754105342693, 5.279717101553199]
[-3.0570272801283513, 3.3848166859461246, 1.9554971137983816, -4.032515314923296, -4.36646128318927, 5.573144015965191, 11.233460693125025, -17.288430324478952]
[1, 2, 3, 4, 5, 6, 7, 8, 9, 10, 11, 12, 13, 14, 15, 16, 17, 18, 19, 20, 21, 22, 23, 24, 25, 26, 27, 28, 29, 30, 31]
[[3], [1, 3], [1, 4], [1, 5], [2, 4], [2, 5], [9], [7, 9], [6, 9], [8, 9], [13], [14], [11, 13], [10, 13], [10, 14], [10, 15], [12, 15], [18], [19], [16, 18], [16, 19], [16, 20], [17, 20], [25], [21, 25], [21, 26], [23, 26], [22, 26], [24, 26], [29, 30], [29], [27, 29], [27, 31], [28, 31]]
[[0, 0.18], [0, 0.315], [0, 0.45], [0, 0.585], [0, 0.72], [0, 0.855], [1, 0.18], [1, 0.315], [1, 0.45], [1, 0.585], [1, 0.72], [1, 0.855], [2, 0.18], [2, 0.315], [2, 0.45], [2, 0.585], [2, 0.72], [2, 0.855]]
[[1, 0.018], [2, 0.027], [3, 0.019], [4, 0.016], [5, 0.025], [6, 0.03], [7, 0.04], [8, 0.02], [9, 0.04], [10, 0.019], [11, 0.021], [12, 0.021], [13, 0.021], [14, 0.04], [15, 0.03], [16, 0.023], [17, 0.038], [18, 0.08], [19, 0.024], [20, 0.041], [21, 0.015], [22, 0.015], [23, 0.035], [24, 0.046], [25, 0.019], [26, 0.015], [27, 0.029], [28, 0.035], [29, 0.021], [30, 0.021], [31, 0.022]]
[1, 2, 3, 4, 5, 6, 7, 8, 9, 10, 11, 12, 13, 14]
