1000.0 0.0779191396 -0.7 5.0 13.96423678 4 0 0 1 1e-14
1306 1292 657 562 69 0 8 8 34 31 31 4
0.869447577452 1135.49853615 461.652276897 389.201252549 121.281666326 0.0 0.0 3.06866110936 6.41035391959 94.6161713437 0.983228421009 58.1488779802 0.0258915794954 0.108717130532 0.0014137591218 2.5138092467e-05
0.890003759999 9.99979840076e-05 0.850999498621 9.99992135888e-05
[0.23905665970967072, -1.1087117117433725, 1.442799257956713, 0.46411949093376598, -2.2526003470720672, 1.2147910037578684, 0.91539798337442235, -3.4563864360691205, 4.7002404100120012, -0.69410353404813208, -4.1569022853701654, 3.6240444778976837, -0.93174496933914952]
[0.73734861135590735, -3.0573105866147041, 3.3964089527774837, 1.876968578732245, -3.9698821017348589, -3.9333658778735376, 4.603876147098851, 11.343234961323498, -15.528732068740732, -6.4086235112029186, 22.742955615225526, -15.266499771972462, 3.4636210516249832]
[-0.0057523140596754284, -0.0022232275167087074, -0.00048295477695297343, 0.0065913543816830591, 0.0010411708125921515, -0.0041929978232728591, -0.0075552836360467616, -0.006266916840465985, -0.0025180489891226125, 0.00051445027603645092, -0.0028143347451715867, 0.0, 0.0020489058182990125, -0.0086367786541594188, -0.0029366871420215576, -0.0044081961960846698, -0.0078191132748723288, -0.00099977174966243065, 0.0027969625035958443, -0.003174114956337288, -0.0021735750388748409, -0.0039470662855482794, -0.0069821392766076275, -0.0087136681988752157, -0.0062358654775936349, 0.0044984967028640147, 0.0012027182800054196, -0.0047751434846970047, -0.0094967507749434237, -0.0024484310467557109, -0.00082828657920356143, -0.012222701209663102, -0.0008812221969541666, -0.025304596384235767]
[1.0022513218013798, 0.9945335998213215, 0.99724817358954831, 0.99557928318019695, 0.99273346029608001, 1.0042938847004623, 1.0002081980893827, 0.99552639125824705, 0.99343991752331462, 1.0087700089666998, 0.99658477264023881, 1.0064142948072008, 0.99274633771046428, 0.98622939147435296, 0.9854740752999408, 1.0064251274624427, 1.0016475159557574, 0.99270687287813075, 0.98800059273259799, 0.98592346915139684, 1.0046728096012625, 1.001481604898617, 1.0076258795614579, 0.99862775711412466, 0.99060255016969678, 0.98337106433133481, 1.0126026987675585, 1.002708178045576, 0.98785368107781668, 1.0026264202445669, 0.97832301586479498]
[1.0257823527623502, 0.98325117592008182, 1.0279388020461995, 1.0450477739418522, 1.0301726982870341, 1.020981449029515, 1.0366100597668184, 1.0185951302747538, 1.0473803161897406, 1.0165443429913934, 1.033821987160926, 1.0438230227629488, 1.0241930024875958, 1.0291886605121034, 1.0218472676816075, 1.0844693382618766, 0.95245198448248658, 1.1041945734381635, 1.0230755269632299, 1.0872287349308554, 1.0009352130156683, 1.0023214336072628, 1.0220558105910384, 1.0030868392937309, 1.0009896412428849, 1.0184746632051174, 1.0081954639622805, 1.0302183165968815, 1.019373483229489, 1.0411308172841554, 1.0198364321388145]
[1.6441915178595623e-05, -3.2586781995405309e-05, -0.00021056004798082652, 0.00043569367506245252, 0.0008997275241318884, -0.0022450905843311234, -0.0011500368105427147, 0.0052892013957249236, -2.0683245431945388e-07, 6.2237281445879982e-05, -0.00015154132479123646, -0.00023737361560987772, 0.0011838665673447187, -0.00065930569794631251, -0.0023330864466400876, 0.0036229478571274442]
[-3.2586782022774014e-05, 0.00045913876887590326, 7.8754676104822422e-05, -0.0043280471702156157, 0.002517760061501275, 0.015112642597086738, -0.01634335992887101, -0.017324783945813195, -4.7635497520273752e-05, -0.00016022918006583533, 0.001327472882359299, -0.0012567113662716246, -0.0058964128203617249, 0.013650460774193407, -0.0014534025087939769, -0.024004037921306398]
[-0.00021056004789084376, 7.8754675388545978e-05, 0.0042486325039989125, -0.0040674618480125678, -0.025341811052590042, 0.037179455182287775, 0.050742103759969272, -0.12015040816578695, 0.00015047473343782756, -0.00080381768260848457, -0.00050400425735434135, 0.0088628783558285761, -0.010199188103500626, -0.024940965150365726, 0.061834398517706925, -0.016775312886838895]
[0.00043569367523595896, -0.004328047169202074, -0.0040674618557443448, 0.048229133808119586, -0.0081062866251858691, -0.19728034468331251, 0.1564644072359446, 0.27983159715140904, 0.00013657052359605662, 0.0026658819793478747, -0.011363304764732232, -0.0020031868506194999, 0.072962634717019914, -0.09220803713018498, -0.091501541212502868, 0.27089904553927296]
[0.00089972752327762632, 0.0025177600655162842, -0.025341811043748472, -0.0081062866804631102, 0.19628368361847481, -0.12963488376524429, -0.55153409713923784, 0.78402623577813191, -0.00098471525662984123, 0.0019545500089519705, 0.014697863886025956, -0.052807084956318161, -0.010885103706903099, 0.25564659054849681, -0.30736932518247562, -0.1716269735975805]
[-0.0022450905841954177, 0.015112642588503707, 0.037179455206357251, -0.19728034462546573, -0.12963488400202464, 0.97889642606404048, -0.23799418668475536, -1.9174293787978398, 0.00080361513495138875, -0.012734822166705434, 0.028297576580634001, 0.069325176840062605, -0.28995266706215916, 0.086531187054034495, 0.75889037463430831, -0.96212376631481333]
[-0.0011500368080387784, -0.016343359933677151, 0.050742103712442123, 0.15646440735255723, -0.55153409693549327, -0.23799418739349087, 2.1256114650264304, -1.5197222731846833, 0.0011980388693302807, 0.0062558153773433784, -0.058520212463426514, 0.071499465058218706, 0.27329224171995015, -0.72952975400420772, 0.14900980336603387, 1.2762422974999852]
[0.0052892013930628066, -0.017324783923493584, -0.12015040817048862, 0.27983159692230808, 0.78402623607250688, -1.9174293781313168, -1.5197222746342041, 5.7767160124891337, -0.0024512005966074385, 0.018555725811647605, -0.0041140739743590763, -0.19621710467419182, 0.33024103950554429, 0.47567427081989844, -1.6608847309866348, 0.79875968304610767]
[-2.0683243570247608e-07, -4.7635497614858093e-05, 0.00015047473324889001, 0.0001365705248755885, -0.00098471525666937016, 0.00080361512948179707, 0.0011980388739887813, -0.0024512005895956537, 5.2822176937259037e-05, -8.3567330534476411e-05, -0.00059172434356671681, 0.0018812509323271186, 0.0006558740308295907, -0.0085288274552266421, 0.0084833391979249901, 0.007197721405675199]
[6.2237281455684748e-05, -0.0001602291793877332, -0.00080381768487620866, 0.0026658819751250642, 0.0019545500294924334, -0.012734822169567762, 0.0062558153187350866, 0.018555725871653585, -8.3567330988395269e-05, 0.0010764853617708662, -0.0014862227771818017, -0.0079759763854475394, 0.021981468521714308, 0.0070546847514159575, -0.078553480774197076, 0.069279893395604281]
[-0.00015154132524599999, 0.0013274728827304544, -0.00050400424685771239, -0.01136330478329531, 0.014697863831914735, 0.028297576716590778, -0.05852021241664538, -0.004114074298630345, -0.00059172434230456389, -0.0014862227877932249, 0.016556803710289218, -0.018731289088954366, -0.07840611894969518, 0.18561960206188649, 0.010356865040930138, -0.37440196651634222]
[-0.00023737361478867042, -0.001256711376536275, 0.0088628783650276065, -0.0020031867516057053, -0.052807085126678525, 0.069325176585965417, 0.071499465775777427, -0.19621710480864774, 0.0018812509358907938, -0.0079759763627881286, -0.018731289235120685, 0.14141429429188251, -0.11637712401632519, -0.53493095381498712, 1.1649377883982173, -0.19484655035026666]
[0.0011838665691722154, -0.0058964128044575979, -0.010199188196501625, 0.07296263467274991, -0.010885103006311181, -0.28995266758963095, 0.27329224008809216, 0.33024104209456129, 0.00065587401518171166, 0.021981468558064307, -0.078406118685473938, -0.11637712508086052, 0.76063698084993425, -0.34585612026148382, -2.292449909254159, 3.1713780906544966]
[-0.00065930570400924912, 0.013650460805906844, -0.024940965088475788, -0.092208037562010889, 0.25564659057347899, 0.086531188901741204, -0.72952975562739286, 0.47567426849105326, -0.0085288274544574882, 0.0070546845994517715, 0.18561960246609713, -0.53493095258556034, -0.34585612542686711, 3.0685579064392541, -3.1814743669039904, -2.6767377659188014]
[-0.0023330864450406582, -0.0014534026136671097, 0.061834398781836997, -0.09150154043538139, -0.30736932786086063, 0.75889037401185355, 0.14900981180550232, -1.6608847374387847, 0.0084833392558352309, -0.078553480697701739, 0.010356863477766529, 1.1649377906812965, -2.2924499019990798, -3.1814743863586132, 13.564264754750717, -8.4656888442476923]
[0.003622947867561668, -0.024004037870923728, -0.016775313298343385, 0.27089904556168509, -0.17162697073708283, -0.96212376934905408, 1.2762422915946818, 0.79875969472566688, 0.0071977213410694841, 0.069279893617880867, -0.37440196562733175, -0.19484655530713521, 3.1713780931408762, -2.6767377447422911, -8.4656888833535966, 14.725289414106214]
[[0.34353104588099403, 0.65646895411900585, -0.16958560805876949, 0.015946063591474095, -0.00055034383187982968], [-75.576830093814806, 75.576830093814806, -17.691166227069566, 1.4918660098755754, -0.045591023653099055], [204.05744125329986, -204.05744125329986, 53.266148813087725, -5.0280382266640418, 0.17309576386336684], [-185.50676477572696, 185.50676477572696, -52.4237716482615, 5.389125660603665, -0.20281433078487851], [56.682622570360969, -56.682622570360969, 17.018374670302109, -1.8688995074066732, 0.075859934406490553]]
2945 39.872357 2
[-1.104291446108187, 1.4493576804583859, 0.4047399166864662, -2.3033049353671715, 1.5630796981459416, 0.7798273874433985, -3.9437754105342693, 5.279717101553199]
[-3.0570272801283513, 3.3848166859461246, 1.9554971137983816, -4.032515314923296, -4.36646128318927, 5.573144015965191, 11.233460693125025, -17.288430324478952]
[1, 2, 3, 4, 5, 6, 7, 8, 9, 10, 11, 12, 13, 14, 15, 16, 17, 18, 19, 20, 21, 22, 23, 24, 25, 26, 27, 28, 29, 30, 31]
[[3], [1, 3], [1, 4], [1, 5], [2, 4], [2, 5], [9], [7, 9], [6, 9], [8, 9], [13], [14], [11, 13], [10, 13], [10, 14], [10, 15], [12, 15], [18], [19], [16, 18], [16, 19], [16, 20], [17, 20], [25], [21, 25], [21, 26], [23, 26], [22, 26], [24, 26], [29, 30], [29], [27, 29], [27, 31], [28, 31]]
[[0, 0.18], [0, 0.315], [0, 0.45], [0, 0.585], [0, 0.72], [0, 0.855], [1, 0.18], [1, 0.315], [1, 0.45], [1, 0.585], [1, 0.72], [1, 0.855], [2, 0.18], [2, 0.315], [2, 0.45], [2, 0.585], [2, 0.72], [2, 0.855]]
[[1, 0.018], [2, 0.027], [3, 0.019], [4, 0.016], [5, 0.025], [6, 0.03], [7, 0.04], [8, 0.02], [9, 0.04], [10, 0.019], [11, 0.021], [12, 0.021], [13, 0.021], [14, 0.04], [15, 0.03], [16, 0.023], [17, 0.038], [18, 0.08], [19, 0.024], [20, 0.041], [21, 0.015], [22, 0.015], [23, 0.035], [24, 0.046], [25, 0.019], [26, 0.015], [27, 0.029], [28, 0.035], [29, 0.021], [30, 0.021], [31, 0.022]]
[1, 2, 3, 4, 5, 6, 7, 8, 9, 10, 11, 12, 13, 14]
