1000.0 0.0779191396 -0.7 5.0 13.96423678 4 0 0 1 1e-14
1306 1292 657 562 69 0 8 8 34 31 31 4
0.897666493876 1172.352441 473.761261517 393.325018516 121.73057077 0.0 0.0 5.35475429122 8.47001056578 100.370904908 0.630273105564 68.6078916756 0.0182946605529 0.0804684610762 0.00294502815365 4.75023880846e-05
0.850005426811 9.99978995373e-05 0.85099931078 9.99995293982e-05
[0.23944863827543222, -1.112648438994233, 1.4481976650830748, 0.51464836515921086, -2.3667210349465502, 0.92616575048269945, 2.0504917294542149, -4.1107301998908738, 2.6493241094579378, 3.514857192215354, -7.5760640138971027, 4.96350589460679, -1.1404756570059398]
[0.73867152533953306, -3.0640866309364783, 3.4223955716669376, 1.7777575134666508, -3.8515424893665928, -3.4184316826761609, 2.7793865100226407, 12.84800531658078, -13.392090690451537, -12.120473507668422, 27.938741707315955, -17.505562780837749, 3.847229637544018]
[-0.005365020257842819, 7.2916364226109997e-05, -0.00013837147112823615, 0.0071691395305369084, 0.0009251244899376351, -0.0047676437780106683, -0.0082454957339640998, -0.0070931678632007262, -0.0010106029944924205, 0.0014656204045979857, -0.0029918057742743943, 0.0, 0.0020200109374437425, -0.0081623700378867861, -0.003371253167514751, -0.0052562885644966088, -0.0081182850569137162, -0.0012683690451498249, 0.0025869110966710764, -0.0033952985654807965, -0.0034122487337599075, -0.0040868992332993657, -0.0076875409139162037, -0.009797866498284246, -0.0070268000138521925, 0.0046656096482083388, 0.0012902538137789523, -0.0052431834390217645, -0.0095722161865833561, -0.0027966555323032005, -0.0011484190008082989, -0.012243568468454589, -0.0010923525242239329, -0.025311661775355754]
[0.99884459833692729, 0.9917390297520049, 1.0029906270335054, 1.0041832308452041, 1.0017582958516922, 1.00379530092147, 1.0003460519633889, 0.99487148997849384, 0.99925765872433336, 1.0096240080174852, 0.99647186163839874, 1.0068059352473344, 0.99796010683354452, 0.99129402007315315, 0.99027623697319811, 1.0077209806706082, 1.002735211309487, 0.99823319217832052, 0.99286383051827576, 0.98939251288694985, 1.0051917883400592, 1.0014070911414581, 1.0082914733754254, 0.99815967051501175, 0.99536110451635462, 0.98737530670179086, 1.0135262186408709, 1.0023724693538019, 0.99163717503458371, 1.0034642582825313, 0.98202395509819651]
[1.0286788631927737, 0.98588327797719499, 1.0310623769699236, 1.0493579409884182, 1.0333780135390169, 1.0229403218164836, 1.0397327675789068, 1.0217302151940832, 1.0514154997769918, 1.0199545067963565, 1.0366586244787996, 1.0465789851434362, 1.0264086509761732, 1.0321314381939304, 1.0245061812945815, 1.0879297481941799, 0.95473727045873813, 1.1067114268764455, 1.026255430610352, 1.0901162613774498, 1.006013410584323, 1.007312651920643, 1.0281518976182495, 1.0080789924310973, 1.0039714360817971, 1.0215678128806105, 1.0111089398827358, 1.0363741694657542, 1.0246386756477175, 1.0450905162119224, 1.0242367971843744]
[1.726474152204997e-05, -3.7034133681105063e-05, -0.00021726435151420134, 0.00047806889395267187, 0.00086753859028665707, -0.0023360839941665777, -0.00086340855604838743, 0.0050186730607263887, -1.4328810474288772e-07, 6.5698923064411873e-05, -0.00016988451194829013, -0.0002168834675728242, 0.0012586380053233133, -0.00090124834851536555, -0.0021592656955692203, 0.0039088255719654059]
[-3.7034133677531987e-05, 0.00047951329787360186, 0.00010938458436863968, -0.0044918217469678261, 0.0027530963323543203, 0.015155395732952374, -0.017960290043800498, -0.014494605413759274, -4.7398997573878161e-05, -0.00018691431362772456, 0.0014287055501988086, -0.0012995192082817858, -0.0063542785221024807, 0.014733946464265135, -0.0021647467905310733, -0.025208312940130314]
[-0.00021726435152968213, 0.0001093845845424081, 0.0043000591456703969, -0.0043130889556228808, -0.024971048455402465, 0.037171723352045209, 0.048078848247085249, -0.11522676122211978, 0.00014981710186973385, -0.00081226329461479146, -0.00037256367612809521, 0.0085141317344167647, -0.010561386212944585, -0.022385513038821161, 0.059319566163140533, -0.019493333122678848]
[0.00047806889395886755, -0.0044918217474469065, -0.0043130889537000526, 0.049240939862874755, -0.010995994026952461, -0.19368274946368746, 0.1732037531032477, 0.23952551498392688, 0.00013601355570831794, 0.0028761699970237774, -0.012326272784956757, -0.00098740148550064116, 0.07651886261286088, -0.10470880941414967, -0.079409295376431252, 0.28165058802212745]
[0.00086753859034973627, 0.0027530963321004756, -0.024971048457847454, -0.010995994017241009, 0.19604877270958129, -0.11686949109362793, -0.55975806027302455, 0.76388799785176942, -0.0009712726785627312, 0.0015896857647845763, 0.015395114663796864, -0.050735144903715758, -0.017163093556833486, 0.25497278101781751, -0.29241802330612932, -0.18268839054015867]
[-0.0023360839943094604, 0.015155395735855823, 0.037171723346051462, -0.19368274947962882, -0.11686949104247045, 0.92954856669068575, -0.28510301328110865, -1.6969482312417767, 0.00078450120523823261, -0.012911914213113183, 0.030571906354371934, 0.062150919827601694, -0.29087353096074348, 0.13194202231633465, 0.68236616146383333, -0.97042308839857927]
[-0.00086340855592879472, -0.017960290047831631, 0.048078848261584879, 0.17320375310768774, -0.55975806035353537, -0.28510301317044739, 2.2218336211408598, -1.566621100787662, 0.0011331117556316007, 0.0081911018596971912, -0.064342309708569467, 0.068301699957556222, 0.30990996192041798, -0.77609353171452244, 0.12932936891723773, 1.3793649811665682]
[0.0050186730608366512, -0.014494605414933659, -0.11522676122473066, 0.23952551500504587, 0.76388799783860939, -1.696948231334072, -1.5666211006131721, 5.2621757395722533, -0.0023010014963406687, 0.015948791410464125, 4.0517718484472227e-06, -0.17462519435723839, 0.2706191702916152, 0.44834711789732862, -1.4354802397307131, 0.62306912196719533]
[-1.4328811253541634e-07, -4.7398997493471322e-05, 0.00014981710186474633, 0.00013601355482834173, -0.00097127267738276817, 0.00078450120786159854, 0.0011331117489746419, -0.0023010014948937735, 5.2673096844467831e-05, -7.848047152319822e-05, -0.00059454919065304315, 0.0018344278743295517, 0.00070472945066195271, -0.008369180321966813, 0.0082523981047944277, 0.0070258554714256417]
[6.5698923079288089e-05, -0.00018691431380813339, -0.00081226329441457174, 0.0028761699983476854, 0.0015896857622170841, -0.012911914215448789, 0.0081911018678840364, 0.01594879140771847, -7.8480471393371515e-05, 0.0010617576374979979, -0.0016279606735434568, -0.0073538073176928377, 0.021930630344387855, 0.0038046150590451103, -0.073661433083784353, 0.070728582323075551]
[-0.0001698845118156409, 0.0014287055490346066, -0.00037256367700010487, -0.012326272769710564, 0.015395114648389231, 0.03057190630117548, -0.064342309592895192, 4.0517590716611374e-06, -0.00059454919110608667, -0.0016279606706241629, 0.017081778468142857, -0.018884230167799405, -0.08054243100915992, 0.1903918082614483, 0.0060562248139894919, -0.37741493715813362]
[-0.00021688346802882519, -0.0012995192040765741, 0.0085141317353070387, -0.00098740153163596328, -0.050735144852315818, 0.062150919973956248, 0.068301699642112801, -0.17462519433420892, 0.0018344278740560975, -0.0073538073237247523, -0.018884230140189244, 0.13500663117740977, -0.1085668837163043, -0.51464236367979532, 1.1233259094107451, -0.19891845522170726]
[0.0012586380051706617, -0.0063542785207650956, -0.010561386209725939, 0.076518862583665678, -0.017163093526711051, -0.29087353084594614, 0.30990996163211237, 0.27061917037177374, 0.00070472945393717373, 0.021930630334224044, -0.080542431048548649, -0.10856688353831971, 0.76198195621394071, -0.39115455219092876, -2.2282995329678856, 3.1955934484701269]
[-0.00090124834618720336, 0.014733946443783313, -0.02238551305018811, -0.10470880916593919, 0.25497278076630903, 0.13194202147484738, -0.77609352994191805, 0.44834711777550235, -0.0083691803253937349, 0.0038046150995969807, 0.19039180819577148, -0.51464236392880347, -0.39115455141026856, 3.0423089480690249, -3.0705989386022137, -2.7043403021959822]
[-0.0021592656981889776, -0.002164746769510173, 0.059319566174760481, -0.079409295601759189, -0.29241802313062543, 0.68236616223684887, 0.12932936765388847, -1.4354802400336013, 0.0082523980996449045, -0.07366143310269202, 0.006056225003745079, 1.123325909197767, -2.228299533893586, -3.0705989363697332, 13.309615350247718, -8.4849847176055171]
[0.0039088255701565143, -0.025208312921706409, -0.019493333113822297, 0.28165058777004492, -0.18268839021987721, -0.97042308756446272, 1.3793649789858906, 0.62306912256321234, 0.0070258554834808102, 0.07072858226276349, -0.37741493722536523, -0.1989184545099833, 3.1955934478910226, -2.704340304512733, -8.4849847131992195, 14.802156744925803]
[[0.34353104588099403, 0.65646895411900585, -0.16958560805876949, 0.015946063591474095, -0.00055034383187982968], [-75.576830093814806, 75.576830093814806, -17.691166227069566, 1.4918660098755754, -0.045591023653099055], [204.05744125329986, -204.05744125329986, 53.266148813087725, -5.0280382266640418, 0.17309576386336684], [-185.50676477572696, 185.50676477572696, -52.4237716482615, 5.389125660603665, -0.20281433078487851], [56.682622570360969, -56.682622570360969, 17.018374670302109, -1.8688995074066732, 0.075859934406490553]]
2724 39.675999 2
[-1.104291446108187, 1.4493576804583859, 0.4047399166864662, -2.3033049353671715, 1.5630796981459416, 0.7798273874433985, -3.9437754105342693, 5.279717101553199]
[-3.0570272801283513, 3.3848166859461246, 1.9554971137983816, -4.032515314923296, -4.36646128318927, 5.573144015965191, 11.233460693125025, -17.288430324478952]
[1, 2, 3, 4, 5, 6, 7, 8, 9, 10, 11, 12, 13, 14, 15, 16, 17, 18, 19, 20, 21, 22, 23, 24, 25, 26, 27, 28, 29, 30, 31]
[[3], [1, 3], [1, 4], [1, 5], [2, 4], [2, 5], [9], [7, 9], [6, 9], [8, 9], [13], [14], [11, 13], [10, 13], [10, 14], [10, 15], [12, 15], [18], [19], [16, 18], [16, 19], [16, 20], [17, 20], [25], [21, 25], [21, 26], [23, 26], [22, 26], [24, 26], [29, 30], [29], [27, 29], [27, 31], [28, 31]]
[[0, 0.18], [0, 0.315], [0, 0.45], [0, 0.585], [0, 0.72], [0, 0.855], [1, 0.18], [1, 0.315], [1, 0.45], [1, 0.585], [1, 0.72], [1, 0.855], [2, 0.18], [2, 0.315], [2, 0.45], [2, 0.585], [2, 0.72], [2, 0.855]]
[[1, 0.018], [2, 0.027], [3, 0.019], [4, 0.016], [5, 0.025], [6, 0.03], [7, 0.04], [8, 0.02], [9, 0.04], [10, 0.019], [11, 0.021], [12, 0.021], [13, 0.021], [14, 0.04], [15, 0.03], [16, 0.023], [17, 0.038], [18, 0.08], [19, 0.024], [20, 0.041], [21, 0.015], [22, 0.015], [23, 0.035], [24, 0.046], [25, 0.019], [26, 0.015], [27, 0.029], [28, 0.035], [29, 0.021], [30, 0.021], [31, 0.022]]
[1, 2, 3, 4, 5, 6, 7, 8, 9, 10, 11, 12, 13, 14]
