1000.0 0.0779191396 -0.7 5.0 13.96423678 5 0 0 1 1e-14
675 661 657 0 0 0 8 8 34 31 0 4
0.703587481562 474.921550054 433.772106821 0.0 0.0 0.0 0.0 2.53372746255 1.20977382393 35.650208149 0.25627965331 0.0 1.08895459266 0.410383670673 6.48786554612e-05 5.10027709816e-05
0.879000805473 9.99989457129e-05 0.850999285838 9.99997136504e-05
[0.24064284330190044, -1.1380653938956702, 1.3688836807374951, 0.58740215174557953, -1.6226202239847738, 0.57911897141841762, -1.0659522349455766, -0.031200678249987162, 4.7424987548324458, -5.5098329631764358, 1.6125904493143537, 0.46871780458889134, -0.23218316168645003]
[0.74851975605399623, -3.0105659049662301, 3.5948360373915982, 1.0689000028707707, -5.0764790600518266, 1.242758974370449, 2.8598102972773591, 0.67268764407556003, -1.482459378701994, -6.3058783521460251, 10.162634736015178, -5.522049762776911, 1.0472850105881646]
[0.0012980787227433648, -0.00072636831610695389, 0.0013404678234715305, 0.0073322305446637233, 0.0032727520965488525, -0.0028937861944217918, -0.0027691622036909859, -0.0010833737953888428, 0.0035574453885581204, 0.003170288829682232, 0.0018932191042335023, 0.0, 0.0057359765234744793, -0.0033234599626896771, -0.0012252486555557986, -0.0012834128533827423, -0.0087170969034473175, 3.0531092681020996e-05, 0.0050981617297759119, -0.0014301814016389758, 0.0018687465949810166, -0.001698447704308453, -0.0043279426083890167, -0.0018703960147756073, -0.002965482081612215, 0.0058537970665314782, 0.0015409059269997408, 0.0048624128937336981, -0.0038325791842910642, -0.0018765910219388808, 0.0069754254132543729, -0.0090874186473759114, -0.00067672653410883485, -0.007726807191916471]
[0.99958697863057255, 0.99909828876867968, 1.000701078824582, 1.0000933429257817, 0.99972924136813879, 0.99597638310265679, 0.99962386986464036, 1.0003803922884262, 1.0042629233346654, 0.99980510678184387, 0.99758252498207234, 1.0037959497516753, 1.0057366851694312, 1.0054417935128122, 1.0056117726976084, 1.0005820678923558, 0.99891083186943941, 1.0043729059956081, 1.0035547323101905, 1.0059682198344231, 1.0007348846459987, 1.0011876589006365, 1.0048379402437089, 1.0058441910624629, 1.0070267868215008, 1.0031731111763715, 1.0059744822119183, 1.0132055535771716, 1.0092400033644346, 0.99903857569959964, 1.0024384910196416]
[]
[0.00058618254802523086, 0.00065785192183974396, -0.0031505608601193392, -0.0044739117640314992, 0.005740857654599368, 0.010478568685931309, -0.00018530942948459674, -0.020015055148528416, 0.00022169248939682385, 0.0018172115748489193, -0.0024115718272441798, -0.010269538531928468, 0.013724194432720088, 0.014832972171287637, -0.027126078744281225, 0.0038040104046063975]
[0.00065785192171090258, 0.0046682688330255987, 0.00022229734251237772, -0.031750247925368187, -0.0077681447476219204, 0.092510428041125525, -0.0025908240562557412, -0.1254150883900782, -0.00045425244354133565, 0.0010741798624461702, 0.0092423285412204861, -0.01635315404425651, -0.037175510752100113, 0.084470603468851962, 0.010152480650342952, -0.12670344630677871]
[-0.0031505608604964087, 0.00022229734202745648, 0.023296824524402099, -0.0057499568239090387, -0.057347019180227714, 0.04842785845668169, -0.0026846240033479166, -0.023854590189235178, -0.001404879044467148, -0.012969541771473971, 0.018770624247244187, 0.072024232440642988, -0.11363955069346822, -0.082720650996331302, 0.21683512059528709, -0.090843029914529166]
[-0.0044739117631473757, -0.031750247926679166, -0.0057499568281515635, 0.23229580395727706, 0.077376868017507705, -0.74207255564134067, 0.018336037593672749, 1.1124395140078254, 0.0021468387118576964, -0.0025899772039670501, -0.052492415093519249, 0.069770013158643701, 0.23624339564105687, -0.45025052890077333, -0.13076691085011061, 0.76740262350240329]
[0.0057408576559534272, -0.007768144748537275, -0.057347019184522494, 0.077376868019637099, 0.17196704088867146, -0.36105540352414589, 0.012046944637950953, 0.46456754725066429, 0.0025459193570738152, 0.031900267219542373, -0.037812210143141588, -0.18733889432088827, 0.26243769004901452, 0.24657685952053277, -0.56151284188238415, 0.20849091356114821]
[0.010478568684024137, 0.092510428052928723, 0.04842785846745324, -0.7420725556910559, -0.36105540351852761, 2.6700535637313205, -0.053594072008251926, -4.4549489741537087, -0.0046086434393690298, -0.015956153120207338, 0.12443483501401155, -0.0070557277598781104, -0.66361771464260422, 0.74032598082016254, 0.72505372079028452, -1.8050511694089204]
[-0.00018530942919329065, -0.0025908240561305917, -0.0026846240049347692, 0.018336037592431274, 0.012046944640465226, -0.053594072003582828, 0.0041033808352928611, 0.043350411397678354, 0.00013886035626458842, 0.0011314991321425246, -0.0041808389929443579, -0.0038046416750187164, 0.024702899139134513, -0.016876496460114725, -0.03272784451503432, 0.058699026039027935]
[-0.020015055152077105, -0.12541508842341031, -0.023854590176491729, 1.1124395141817685, 0.46456754719846183, -4.4549489744030168, 0.043350411410587278, 8.7754081812304374, 0.0017874837512637637, 0.0060013410140898928, -0.092444867311882187, 0.037581180926106156, 0.54311708890916111, -0.69425610333292587, -0.66094557891802674, 1.7146564698065021]
[0.00022169248939176526, -0.00045425244367594043, -0.0014048790442104046, 0.0021468387122700158, 0.0025459193557283884, -0.0046086434382164154, 0.00013886035617926445, 0.0017874837491053644, 0.00041200346196944456, 0.00087043615252868699, -0.0044716444665558143, -0.0024557314899879392, 0.017731715164941823, -0.0083363863127190289, -0.019562186572097195, 0.024635133931118745]
[0.0018172115748519568, 0.001074179859184796, -0.012969541773119483, -0.0025899771814974003, 0.031900267227266195, -0.015956153198670307, 0.0011314991326083418, 0.0060013411633447512, 0.00087043615368978815, 0.016031152659533809, 0.0037610402678436849, -0.11607217999269318, 0.0043793912345748073, 0.32398653241456898, -0.14403662548763629, -0.33344429970429201]
[-0.0024115718298783465, 0.0092423285318990883, 0.01877062425133004, -0.05249241502071144, -0.037812210119131745, 0.12443483474078235, -0.0041808389880188274, -0.092444866825489982, -0.0044716444648026654, 0.003761040277807496, 0.11832996173937248, -0.12967969823340236, -0.57927530852530085, 0.91934894386900834, 0.58631269249331031, -1.8194024574143299]
[-0.010269538533302848, -0.016353153999076137, 0.072024232476936734, 0.06977001285614691, -0.18733889445324498, -0.0070557267729445903, -0.0038046416886494279, 0.037581179287990304, -0.002455731506399, -0.11607217999110689, -0.12967969796586873, 1.0010897899948101, 0.41596027813664377, -3.4997368526597743, 1.0904070821514624, 4.3981254972303248]
[0.013724194458077472, -0.037175510712546239, -0.11363955078753289, 0.23624339530655869, 0.2624376900631944, -0.66361771334001696, 0.024702899118219789, 0.54311708636252676, 0.017731715168112831, 0.0043793912050758416, -0.57927530880385025, 0.41596027960050352, 3.304656089074737, -4.2007130259976133, -5.1661558165046344, 11.10269449402611]
[0.014832972162717079, 0.084470603246884657, -0.082720651106320417, -0.45025052739726457, 0.24657686008393132, 0.74032597597132555, -0.01687649637773209, -0.69425609551072576, -0.0083363862446773056, 0.32398653239406172, 0.91934894265034339, -3.4997368531267319, -4.2007130181149073, 15.646334340076571, 0.010963420310214467, -25.728854098012789]
[-0.027126078828339097, 0.010152480722900925, 0.21683512107611347, -0.13076691112320171, -0.561512842619873, 0.72505372093975051, -0.032727844538039369, -0.66094557722954228, -0.019562186653981399, -0.14403662543467383, 0.58631269485289994, 1.0904070785427036, -5.1661558268308738, 0.010963444820310642, 16.755371015101069, -16.248611308498131]
[0.0038040104946271414, -0.12670344596625088, -0.090843030150998136, 0.76740262104412471, 0.20849091327669278, -1.8050511611073088, 0.058699025906635914, 1.7146564551162291, 0.024635133885275044, -0.33344429963478811, -1.8194024571365777, 4.3981255000704351, 11.102694488662864, -25.728854114185253, -16.248611268903346, 62.785469941821709]
[[0.34353104588099403, 0.65646895411900585, -0.16958560805876949, 0.015946063591474095, -0.00055034383187982968], [-75.576830093814806, 75.576830093814806, -17.691166227069566, 1.4918660098755754, -0.045591023653099055], [204.05744125329986, -204.05744125329986, 53.266148813087725, -5.0280382266640418, 0.17309576386336684], [-185.50676477572696, 185.50676477572696, -52.4237716482615, 5.389125660603665, -0.20281433078487851], [56.682622570360969, -56.682622570360969, 17.018374670302109, -1.8688995074066732, 0.075859934406490553]]
918 13.865772 2
[-1.119773861848853, 1.401538103809653, 0.4566380871917188, -1.834820820765166, 1.1461432674905327, -0.9983085254156276, -0.7559123579931442, 5.493960004298774]
[-3.0057725468799843, 3.6312163210063475, 1.2579009893595519, -5.549267087582235, 0.16416450297593646, 5.658048146208209, 0.8843877272010007, -6.140408000109904]
[1, 2, 3, 4, 5, 6, 7, 8, 9, 10, 11, 12, 13, 14, 15, 16, 17, 18, 19, 20, 21, 22, 23, 24, 25, 26, 27, 28, 29, 30, 31]
[[3], [1, 3], [1, 4], [1, 5], [2, 4], [2, 5], [9], [7, 9], [6, 9], [8, 9], [13], [14], [11, 13], [10, 13], [10, 14], [10, 15], [12, 15], [18], [19], [16, 18], [16, 19], [16, 20], [17, 20], [25], [21, 25], [21, 26], [23, 26], [22, 26], [24, 26], [29, 30], [29], [27, 29], [27, 31], [28, 31]]
[[0, 0.18], [0, 0.315], [0, 0.45], [0, 0.585], [0, 0.72], [0, 0.855], [1, 0.18], [1, 0.315], [1, 0.45], [1, 0.585], [1, 0.72], [1, 0.855], [2, 0.18], [2, 0.315], [2, 0.45], [2, 0.585], [2, 0.72], [2, 0.855]]
[]
[]
