1000.0 12 0.879004449179 9.99975054648e-05 0.861999256312 9.99994552921e-05 1188.72228657 1303 0.912296459382
1000.0 12 0.879004449179 9.99975054648e-05 0.861999256312 9.99994552921e-05 1188.72228657 1303 0.912296459382
1000.0 12 0.879004449179 9.99975054648e-05 0.861999256312 9.99994552921e-05 1188.72228657 1303 0.912296459382
1000.0 12 0.879004449179 9.99975054648e-05 0.861999256312 9.99994552921e-05 1188.72228657 1303 0.912296459382
1000.0 12 0.879004330534 9.99975852936e-05 0.861999304034 9.99995157319e-05 1142.97780984 1303 0.877189416611
1000.0 12 0.879004330534 9.99975852936e-05 0.861999304034 9.99995157319e-05 1142.97780984 1303 0.877189416611
1000.0 12 0.879004330534 9.99975852936e-05 0.861999304034 9.99995157319e-05 1142.97780984 1303 0.877189416611
1000.0 12 0.879004330534 9.99975852936e-05 0.861999304034 9.99995157319e-05 1142.97780984 1303 0.877189416611
1000.0 12 0.879004287084 9.99981412909e-05 0.850999451598 9.9999213115e-05 1141.61837909 1303 0.876146108282
1000.0 12 0.879004287084 9.99981412909e-05 0.850999451598 9.9999213115e-05 1141.61837909 1303 0.876146108282
