1000.0 0.0779191396 -0.7 5.0 13.96423678 2 0 0 1 1e-14
641 631 0 562 69 0 8 8 0 0 31 0
0.793594288904 508.693939188 0.0 376.970189827 104.659298961 0.0 0.0 0.789960864967 1.59678811831 0.0 0.0 24.6776426181 0.0 0.0 3.76522129211e-05 2.11451687611e-05
0.879000613614 9.99994937771e-05 0.851000459839 0.000100002405991
[0.23893103585021558, -1.0793046061158427, 1.3134866480235265, 0.30311793148014748, -1.179242381482531, 0.87116842268519179, -1.1560861489094181, -1.098391501770045, 3.2008730399441343, -0.71104747993668838, -0.44947846747773212, -0.86490791612482099, 0.61088142383407984]
[0.72660839587073189, -3.0343834730224812, 3.5127980186927599, 1.6718092002961717, -4.9058562795823573, -1.9879447836415358, 7.3821207714590864, 1.4393526910071097, -11.388292470914505, 6.6749375176101466, 2.9643149124075876, -4.2426423924243863, 1.1871778922413512]
[]
[]
[1.0053704481050825, 0.9637311848044291, 1.0055418696633582, 1.0241037693764661, 1.0096271591376313, 1.0063890785158267, 1.0145891877406759, 1.0003286160849001, 1.0235351293045476, 0.99839483721436706, 1.014569361247585, 1.0226072345978543, 1.0068311391777471, 1.0084840694886055, 1.0025762396630928, 1.0552311415307878, 0.93673225992862019, 1.0867211314972731, 1.0053573972051106, 1.0666158712012122, 1.0010875342592982, 1.0023563305227035, 1.0192128773656111, 1.0031743093152701, 0.98058933262789993, 0.99790665401539658, 0.98792068804728039, 1.0216362999641282, 1.0102005906989502, 1.0356940632992677, 1.0150462272541487]
[4.3489013709201143e-05, -8.9104270361940646e-05, -0.00057340629697095341, 0.0012216542126933176, 0.0021433465244002567, -0.0052350246665148559, -0.0013392207296655286, 0.0074187451944967911, 1.3535302112896743e-05, 5.9340200380236829e-05, -0.00030448850754248287, 0.00016235319976129776, 0.0014366977128713653, -0.0028555042995697271, -0.00060142332295644177, 0.0066120237593688706]
[-8.910427034441487e-05, 0.00092143710363096947, -0.00011680417298459452, -0.0081287439825680641, 0.0080636104051431193, 0.023764473027256355, -0.037775694782880447, -0.015357736080346867, -3.5127307467423901e-05, -0.00022795798838249855, 0.0010368426869904047, 7.8553630126979639e-05, -0.0055066664638603177, 0.0068682185354180143, 0.0049909582813082807, -0.016679331743022292]
[-0.00057340629710872601, -0.00011680417221846777, 0.012639767787406589, -0.0099165287904823349, -0.069383973865290577, 0.080375921421404956, 0.11420180786545123, -0.17804210321618685, -3.2360919866945217e-05, -0.00074911958814554488, 0.0023491882527826493, 0.00072363179269298512, -0.016747074327727384, 0.025268590688219128, 0.026946693531485839, -0.094808053210814716]
[0.0012216542127345676, -0.0081287439834694507, -0.0099165287840397714, 0.095784108040151306, -0.029296253582035432, -0.37674296957546993, 0.39333242635883575, 0.41752666676571421, 0.00023938526378120402, 0.0030914004488130755, -0.011061182857078305, -0.0053472455020412892, 0.065906152624313569, -0.068139829696024862, -0.077764466572564347, 0.19709865499318649]
[0.0021433465254163905, 0.0080636104004967284, -0.06938397387394106, -0.029296253532178417, 0.49258286230949183, -0.17537129561562684, -1.2385152722204413, 0.973594893268939, -0.00018411340121153783, 0.0012100624396896289, -0.0010585027098242261, -0.0030181527547084109, 0.03305610852062963, -0.06307930375049485, -0.12015589515257535, 0.38191618092421503]
[-0.0052350246680698291, 0.023764473035551067, 0.080375921412884271, -0.37674296963633408, -0.17537129546383065, 1.8678663702235732, -1.0738905679911481, -2.9386668372539853, -7.8499268417471587e-06, -0.013034218047966072, 0.032808037199137295, 0.049211524187438849, -0.24256935327619458, 0.13327446095775733, 0.42869625790318866, -0.65561458507302028]
[-0.0013392207312585616, -0.03777569477695715, 0.11420180789838442, 0.39333242627025333, -1.2385152723582415, -1.0738905675604109, 4.7684208037784579, -0.91845877559692213, -4.0046801076831831e-05, 0.0093611873919942669, -0.02494404081371613, -0.042595951629201004, 0.13723088732234678, 0.047839084968687169, -0.080829442584920641, -0.39783182712364168]
[0.0074187451996860967, -0.015357736100863948, -0.17804210325047337, 0.41752666698067453, 0.9735948932277626, -2.9386668378407199, -0.91845877496703099, 7.502981197006358, -0.0007990482552390312, 0.013989616141830571, -0.014847471712786746, -0.099079434802915436, 0.19442932271387306, 0.16341423017522591, -0.64500575561196449, 0.28514390088432817]
[1.3535302046056308e-05, -3.5127307262715065e-05, -3.2360918782907206e-05, 0.00023938526046449519, -0.00018411340517994032, -7.84990986531983e-06, -4.0046804010819919e-05, -0.00079904828381792284, 0.00010163413382622153, -0.00011856396989388337, -0.0011158148073886786, 0.003299389618725499, 0.0013071995444562377, -0.015207807393514699, 0.015064882833652453, 0.012852476073274005]
[5.9340200390815071e-05, -0.00022795798906136638, -0.0007491195853268828, 0.0030914004525304049, 0.0012100624151388977, -0.013034218040409447, 0.009361187455170587, 0.013989616075455289, -0.00011856396913796999, 0.0018410806360603859, -0.0031815595781692829, -0.011246820084385196, 0.037089430392490498, -0.00069659602118244855, -0.11118422485730807, 0.11881927595283934]
[-0.00030448850618464341, 0.0010368426846479976, 0.0023491882220742881, -0.011061182797650662, -0.0010585025570108979, 0.032808036816650184, -0.024944040927856074, -0.014847470910049612, -0.0011158148096282936, -0.0031815595632218997, 0.029779628997769345, -0.033018713985008621, -0.13413521580863841, 0.32963864664465731, -0.01697815389752266, -0.62658799552198852]
[0.00016235319631979856, 7.8553645460421715e-05, 0.0007236318315867248, -0.0053472457082851107, -0.0030181528031232112, 0.049211525093870778, -0.042595952244936224, -0.099079436025431622, 0.003299389615785262, -0.011246820121927008, -0.033018713818292696, 0.20816641616206691, -0.1384310933935772, -0.80813392431556041, 1.6029253695874037, -0.12656515802164919]
[0.0014366977099461605, -0.0055066664770161786, -0.016747074191025713, 0.06590615261250754, 0.033056107565095076, -0.24256935241071509, 0.13723088930361085, 0.19442931961504983, 0.0013071995634171966, 0.037089430363886379, -0.13413521609025472, -0.13843109237814333, 1.145103305934783, -0.79037340815807389, -2.9062324274374789, 4.7316235719683286]
[-0.0028555042791017964, 0.0068682184755723061, 0.025268590325365423, -0.068139828648909662, -0.06307930232386956, 0.13327445530303172, 0.047839085628886328, 0.16341424029434803, -0.015207807405639436, -0.00069659580140620306, 0.32963864624018557, -0.80813392573160803, -0.79037340333427486, 4.9907590387932492, -4.4315632990535248, -5.1704818129108308]
[-0.00060142334256882272, 0.0049909584216415136, 0.026946693574784082, -0.077764468139933485, -0.12015589376804608, 0.42869626345030654, -0.080829451095084964, -0.64500575987255682, 0.015064882789614575, -0.11118422509142672, -0.016978152389265071, 1.6029253684525351, -2.9062324346393447, -4.4315632837314469, 17.552031595765676, -10.430889050578083]
[0.0066120237402297107, -0.0166793317789725, -0.094808052538651835, 0.19709865464384974, 0.38191617657062288, -0.65561457997814765, -0.39783181905024462, 0.28514388552664671, 0.012852476144288121, 0.11881927578122176, -0.62658799636578222, -0.12656515410072636, 4.7316235704988054, -5.1704818292889581, -10.430889021600992, 22.116130226735091]
[[0.34353104588099403, 0.65646895411900585, -0.16958560805876949, 0.015946063591474095, -0.00055034383187982968], [-75.576830093814806, 75.576830093814806, -17.691166227069566, 1.4918660098755754, -0.045591023653099055], [204.05744125329986, -204.05744125329986, 53.266148813087725, -5.0280382266640418, 0.17309576386336684], [-185.50676477572696, 185.50676477572696, -52.4237716482615, 5.389125660603665, -0.20281433078487851], [56.682622570360969, -56.682622570360969, 17.018374670302109, -1.8688995074066732, 0.075859934406490553]]
396 4.474789 2
[-1.0808968690522816, 1.3340384442182258, 0.3676548714558011, -1.3606267627847954, 0.5246087869434279, -1.1557752926571798, 0.34691034785024444, 4.355337302720526]
[-3.0375478605405997, 3.4847241926982115, 1.8476300753781567, -5.059034295789156, -2.8054065113812956, 9.393085841121549, 0.9327899277179017, -14.810520437343886]
[]
[]
[]
[[1, 0.018], [2, 0.027], [3, 0.019], [4, 0.016], [5, 0.025], [6, 0.03], [7, 0.04], [8, 0.02], [9, 0.04], [10, 0.019], [11, 0.021], [12, 0.021], [13, 0.021], [14, 0.04], [15, 0.03], [16, 0.023], [17, 0.038], [18, 0.08], [19, 0.024], [20, 0.041], [21, 0.015], [22, 0.015], [23, 0.035], [24, 0.046], [25, 0.019], [26, 0.015], [27, 0.029], [28, 0.035], [29, 0.021], [30, 0.021], [31, 0.022]]
[1, 2, 3, 4, 5, 6, 7, 8, 9, 10, 11, 12, 13, 14]
