1000.0 0.0779191396 -0.7 5.0 13.96423678 2 0 0 1 1e-14
649 635 0 562 69 0 8 8 0 0 31 4
0.861153078823 558.888348156 0.0 424.448587323 104.867675576 0.0 0.0 2.05394048738 2.16821825859 0.0 0.0 24.8121907809 0.294346389593 0.243346694974 2.50273623527e-05 1.76176294772e-05
0.879000500274 9.99995806143e-05 0.851000419734 0.000100000111666
[0.23886880948673694, -1.0871356286749825, 1.314251555543503, 0.47521553505683078, -1.1793050294682998, -0.23682651157863474, -1.1713142561040353, 1.91534939498023, 3.1885751189252391, -4.953550713649939, -0.082642223082842747, 2.4876113205730235, -0.90909737200647101]
[0.7272406652633725, -3.0408543930553824, 3.5056830790352183, 1.7896337329299477, -5.0741215937054012, -2.3866620509841017, 8.6803040236492528, 0.82678670917027308, -13.270356319362302, 9.6282841905619136, 1.5267203610624165, -4.2140426438521672, 1.3013842392855395]
[]
[]
[1.0046739673357201, 0.96747592218020917, 1.0046228400737685, 1.0253683058257448, 1.0081445440992138, 1.007034651262394, 1.0125499578954971, 1.0004788576487178, 1.0248048778480905, 0.99946628841501017, 1.0123596698595048, 1.0239240366968085, 1.0086108482837601, 1.0052235379104995, 1.0016046498278213, 1.0590535008909232, 0.93456075356269674, 1.091403793944042, 1.004307901401521, 1.0618292356104753, 1.0008161246449538, 1.0020792989813154, 1.0185449339727255, 1.0029002100635853, 0.98207901505647288, 0.99796574683024297, 0.9909706759353093, 1.0206303371277405, 1.0098725582099823, 1.0350225266703394, 1.014113182538698]
[3.5137851593987377e-05, -0.00010063265166860759, -0.00036221897443918172, 0.0013196964229782449, 0.00068156909105013339, -0.0054963626070006922, 0.0028171662713857666, 0.007443091571440099, 1.1981887701234846e-05, 5.602206612027813e-05, -0.00025659551678858808, 6.56622500340208e-05, 0.0011278391792098146, -0.001834101511156, -0.00025277031530830635, 0.0033840083473911835]
[-0.00010063265169931045, 0.00053998434924655775, 0.00099906691368625193, -0.0054363861013893349, -0.0020999664976992967, 0.02155299767647275, -0.0066159888174086101, -0.036519844492729402, -2.7078208192697623e-05, -0.00016452356535613449, 0.00071395970560551413, -7.9495555410113744e-06, -0.0033487089035750804, 0.0046700866415490721, 0.0010505258847505494, -0.0084653586403768931]
[-0.00036221897451693973, 0.00099906691358348106, 0.0053343837710231462, -0.017953546503616705, -0.013267365489111943, 0.088998025566866951, -0.049233940579443081, -0.12428378707773642, -5.4493560440661356e-05, -0.00066711365018109765, 0.0023763310843251118, 0.0002712173653897422, -0.012053927693730725, 0.017622959632853128, 0.0031217205401847673, -0.033796099275547796]
[0.001319696423375104, -0.0054363861012337788, -0.017953546504454607, 0.076043492071897784, 0.043308853087122449, -0.35372332587688915, 0.167610932630604, 0.54360409327051962, 0.00024147567255268867, 0.0024350608836597332, -0.0094431394762793733, -0.00048529049895792086, 0.047427229112768553, -0.069063867228932943, -0.013672161278573807, 0.13130484366511472]
[0.00068156909148869111, -0.0020999664983189729, -0.013267365492021174, 0.0433088530973074, 0.049264120970402517, -0.24635890617684192, 0.063887587185467581, 0.45590325444049906, 3.3647929751662695e-05, 0.0012385373885552757, -0.0040782669506128199, -0.0012233529075100752, 0.022498873228635304, -0.031034775370449432, -0.0069636166200675023, 0.060967083248101482]
[-0.0054963626093092336, 0.021552997677409282, 0.088998025576175296, -0.3537233259003193, -0.24635890614353206, 1.7798530046205194, -0.82591041570025869, -2.8236520139340371, -0.00058495788419082298, -0.010669223917510191, 0.038468992913026336, 0.0058135433881802657, -0.20461723062384229, 0.29494409456945703, 0.060669000869525813, -0.57373949495676835]
[0.0028171662715930886, -0.0066159888152366071, -0.049233940575199295, 0.16761093260677998, 0.063887587154179123, -0.82591041555473388, 0.91256406952062641, 0.57970363548768911, -0.00028014094985266008, 0.0067427369508915409, -0.017454166166852171, -0.011711213611426352, 0.10746031719540766, -0.14288273409565594, -0.028073234985247705, 0.2905189926940997]
[0.007443091576571928, -0.03651984449890535, -0.12428378710743332, 0.54360409336959004, 0.45590325441810858, -2.8236520141988777, 0.57970363582644724, 5.5684957388148693, 0.0013878994053465683, 0.013149285414104324, -0.056861349700083899, 0.0041783229635479939, 0.28907722062112629, -0.4394119605293581, -0.092408989864860944, 0.84738883851403723]
[1.1981887632134474e-05, -2.7078207881256497e-05, -5.4493559323621735e-05, 0.00024147566786130776, 3.3647926320236877e-05, -0.00058495786065695542, -0.00028014095818403451, 0.0013878993636782708, 7.8418458160228594e-05, -2.0335282956726583e-05, -0.0008893205508637115, 0.0015205904898515851, 0.0028870614809497317, -0.008523138135050741, -9.7488962015807062e-05, 0.015888584099658969]
[5.6022065912111747e-05, -0.00016452356434898106, -0.00066711364694499019, 0.0024350608694598316, 0.0012385373777486555, -0.01066922384637888, 0.0067427369326471627, 0.013149285278314439, -2.0335282992356004e-05, 0.0011742279429328116, -0.0034922275169183255, -0.0012824190937243229, 0.020705855666211463, -0.030007276925440356, -0.0064579287670478462, 0.06233417763067086]
[-0.00025659551476203251, 0.00071395969636748767, 0.0023763310521229268, -0.0094431393394781606, -0.0040782668495054769, 0.038468992227305362, -0.017454165942673759, -0.056861348459909693, -0.00088932055054078546, -0.0034922275170321507, 0.025735193791278567, -0.021889151986396568, -0.12237457264320595, 0.26441994631494042, 0.018534135627718745, -0.52782581052864375]
[6.5662247765417662e-05, -7.9495456774913785e-06, 0.00027121740191510653, -0.0004852906505706769, -0.001223353017467244, 0.0058135441487477913, -0.011711213896836136, 0.0041783216405060246, 0.001520590489414628, -0.0012824190938644463, -0.021889151984167736, 0.046549668111192266, 0.079132283168793782, -0.27688468730072002, 0.027340987481917895, 0.52600192550166192]
[0.0011278391696486721, -0.0033487088597679731, -0.012053927542675499, 0.047427228468225308, 0.022498872751669678, -0.20461722739545943, 0.10746031616574529, 0.28907721474629494, 0.0028870614790625646, 0.020705855665861351, -0.12237457263329067, 0.079132283167751491, 0.62661803317651554, -1.2628376260418801, -0.15040243821730331, 2.6026576047452075]
[-0.0018341014880707677, 0.0046700865379777972, 0.01762295926576208, -0.069063865679376113, -0.031034774231285596, 0.29494408680226153, -0.1428827314580132, -0.43941194662370137, -0.0085231381301227854, -0.03000727692293402, 0.26441994627835391, -0.27688468728526594, -1.2628376259820921, 2.9737408170105897, 0.071333011598458215, -5.9376041717410102]
[-0.00025277031493653197, 0.0010505258818921861, 0.0031217205367942355, -0.013672161253007296, -0.0069636166021614541, 0.060669000753987193, -0.028073235026439314, -0.092408989544958561, -9.7488961680960599e-05, -0.0064579287673488242, 0.018534135624448691, 0.027340987488224673, -0.15040243820799384, 0.071333011569073082, 0.34699563564237196, -0.47876539202516766]
[0.0033840083013658272, -0.0084653584334356234, -0.033796098546707357, 0.13130484058064512, 0.060967080985295866, -0.57373947951155524, 0.29051898748961896, 0.84738881080753858, 0.015888584088703965, 0.062334177623539745, -0.52782581042824206, 0.52600192543677793, 2.6026576045012133, -5.9376041714303165, -0.47876539207646179, 12.274181299164551]
[[0.34353104588099403, 0.65646895411900585, -0.16958560805876949, 0.015946063591474095, -0.00055034383187982968], [-75.576830093814806, 75.576830093814806, -17.691166227069566, 1.4918660098755754, -0.045591023653099055], [204.05744125329986, -204.05744125329986, 53.266148813087725, -5.0280382266640418, 0.17309576386336684], [-185.50676477572696, 185.50676477572696, -52.4237716482615, 5.389125660603665, -0.20281433078487851], [56.682622570360969, -56.682622570360969, 17.018374670302109, -1.8688995074066732, 0.075859934406490553]]
401 4.274681 2
[-1.0808968690522816, 1.3340384442182258, 0.3676548714558011, -1.3606267627847954, 0.5246087869434279, -1.1557752926571798, 0.34691034785024444, 4.355337302720526]
[-3.0375478605405997, 3.4847241926982115, 1.8476300753781567, -5.059034295789156, -2.8054065113812956, 9.393085841121549, 0.9327899277179017, -14.810520437343886]
[]
[]
[]
[[1, 0.018], [2, 0.027], [3, 0.019], [4, 0.016], [5, 0.025], [6, 0.03], [7, 0.04], [8, 0.02], [9, 0.04], [10, 0.019], [11, 0.021], [12, 0.021], [13, 0.021], [14, 0.04], [15, 0.03], [16, 0.023], [17, 0.038], [18, 0.08], [19, 0.024], [20, 0.041], [21, 0.015], [22, 0.015], [23, 0.035], [24, 0.046], [25, 0.019], [26, 0.015], [27, 0.029], [28, 0.035], [29, 0.021], [30, 0.021], [31, 0.022]]
[1, 2, 3, 4, 5, 6, 7, 8, 9, 10, 11, 12, 13, 14]
