1000.0 0.0779191396 -0.7 5 -9.5652136 2 0 1e-14
47 6 33 7 7
0.606307399737 28.4964477876 1.44205930628 1.28606156318 0.116189031529 0.0
[-0.49369715080514542, 2.0763180749203123, -2.2808989593391469, -1.5531629930541335, 3.3797963394058672, 2.4535891520087496, -6.5265855377533972, 0.89851012600739999, 5.1816610420561418, -4.1297926477391371, 0.99426255429239774]
0.899713347404 0.00616335287028
[0.00072888580217721124, -0.0012691410900194848, -0.0065694966158545386, 0.020770704329111968, -0.0020290306552057081, -0.053316023124093954]
[-0.0012691410900196433, 0.010712900781927529, -0.0093693951476871273, -0.064422924527877831, 0.14300679357572973, -0.00069470501277119762]
[-0.0065694966158539852, -0.0093693951476904406, 0.13790942533597669, -0.19416128124467411, -0.35543815036578447, 1.0102760561269799]
[0.020770704329112186, -0.064422924527871864, -0.19416128124470161, 0.9929051580794771, -0.75546552912925968, -1.9413329685044465]
[-0.0020290306552093918, 0.14300679357573953, -0.35543815036573728, -0.75546552912942688, 3.4501240519846683, -2.1551610315847141]
[-0.053316023124089763, -0.00069470501280142734, 1.0102760561269979, -1.941332968504224, -2.1551610315852074, 8.5036200724035567]
[[0.20960834337965906, 0.79039165662034094, -0.24695570763597097, 0.028619709725592864, -0.0012457038888014807], [-25.153001205560042, 25.153001205560042, -6.3653150836837398, 0.56563483292888761, -0.017182200010490572], [66.026628164595152, -66.026628164595152, 21.208952094669847, -2.4847914364383321, 0.10760327502753758], [-58.690336146306819, 58.690336146306819, -21.852401861928762, 2.9864812768340729, -0.15120291113558892], [17.607100843892049, -17.607100843892049, 7.2557205585786289, -1.0959443830502218, 0.06202754000734334]]
94 0.200071 2
[2.077454290012852, -2.324633980393711, -1.4503585121762224, 3.766815697120554, 0.8568394564144588, 0]
