1000.0 0.0779191396 -8.7496066175 5 -9.5652136 1 0 1e-14
45 6 38 8 0
0.543042633689 24.436918516 0.0 0.0651225862626 0.00778984866276 0.000114172134868
[0.003716228244964509, -0.027000998216375343, 0.047537205982166909, -0.091191764207718226, 0.26428378051854512, -0.092389051661358829, -0.70367538490373227, 0.80468111890611072, 0.15643370716695282, -0.57207525314736829, 0.20968041131781412]
-0.1160764927 0.00219645383403
[0.00057772376327741787, 0.0002330427977665521, -0.0048355268213563195, -0.0012356241284649345, 0.015111698661066786, -0.00094704956033021673]
[0.0002330427977669748, 0.00172818632995875, -0.0031940735524645151, -0.0069589473642496539, 0.013695140010139632, 0.0079458407717452502]
[-0.0048355268213566335, -0.0031940735524610521, 0.041570540247542073, 0.015427290700321009, -0.13302863822099334, 0.0014339167906493656]
[-0.0012356241284665677, -0.0069589473642490355, 0.015427290700333935, 0.029650801677590839, -0.064779107200414812, -0.033841512512252647]
[0.015111698661068694, 0.013695140010128686, -0.13302863822100075, -0.064779107200375302, 0.43637866249336232, 0.018118778321266588]
[-0.00094704956032813702, 0.0079458407717460412, 0.0014339167906317291, -0.033841512512258753, 0.018118778321323994, 0.050177480015563311]
[[0.0059901836377342643, 0.99400981636226571, -0.31440918138148882, 0.036927875418743303, -0.001631023129697701], [-0.71882203652814469, 0.71882203652814469, 1.7291017657786707, -0.43134505024920422, 0.029056108897057231], [1.8869078458863804, -1.8869078458863804, -0.038892135169013325, 0.13228075690416172, -0.013772285854775293], [-1.6772514185656719, 1.6772514185656719, -2.9654292131830959, 0.66019488275185556, -0.043313523684644133], [0.50317542556970163, -0.50317542556970163, 1.589628763954928, -0.39805846482555651, 0.029660723772059895]]
51 0.056279 2
[-0.06405703288862262, -0.23959806764894298, 0.4058121262924151, 0.2514999864641697, -0.7121703123190098, 0]
