1.0 0.0779191396 -0.7 5 -9.5652136 1 0 1e-14
34 6 29 6 0
0.430475388307 14.6361632025 0.0 0.0727299041411 0.0 0.000203511435643
[0.049350630845058696, -0.042865836357860836, -0.13050591016252738, 0.35752160838239772, -0.25997855225754951, -0.59889949903736917, 0.83159141905514034, 0.33592958767497572, -0.64006057374309488, -0.065982241633564698, 0.16389936723440091]
-0.116068615364 0.00219955693083
[0.00099058893897969861, 0.0040267267809968171, -0.0027344293660313472, -0.018555774251002171, 0.0059742956244637118, 0.025668140525359075]
[0.0040267267809724469, 0.037351793183611412, 0.034138084394016853, -0.17703976492346463, -0.1702033377943015, 0.35137081592274194]
[-0.0027344293661056107, 0.034138084393648141, 0.17107614826546144, -0.13327338814842471, -0.81385826266734029, 0.47387458228385604]
[-0.018555774250887121, -0.17703976492345103, -0.13327338815012477, 0.95350150036853099, 0.61405128574047818, -2.2040176383270373]
[0.0059742956248125386, -0.17020333779273944, -0.81385826266785799, 0.61405128573329393, 4.0095992374072509, -2.1129205023340178]
[0.025668140525020821, 0.35137081592198655, 0.47387458228667512, -2.2040176383236569, -2.112920502344906, 6.5695031532139865]
[[0.20960834337965906, 0.79039165662034094, -0.24695570763597097, 0.028619709725592864, -0.0012457038888014807], [-25.153001205560042, 25.153001205560042, -6.3653150836837398, 0.56563483292888761, -0.017182200010490572], [66.026628164595152, -66.026628164595152, 21.208952094669847, -2.4847914364383321, 0.10760327502753758], [-58.690336146306819, 58.690336146306819, -21.852401861928762, 2.9864812768340729, -0.15120291113558892], [17.607100843892049, -17.607100843892049, 7.2557205585786289, -1.0959443830502218, 0.06202754000734334]]
40 0.056479 2
[-0.06405703288862262, -0.23959806764894298, 0.4058121262924151, 0.2514999864641697, -0.7121703123190098, 0]
