1.0 0.0779191396 0 5 -9.5652136 2 0 1e-14
24 6 15 4 4
0.34285878405 8.22861081721 0.491379775372 0.240667797884 0.0 0.0
[-1.91304272, 1.9495967559648653, 2.3026918676060735, -0.18172930243802246, -1.7919245470744698, -2.0180749189180531, -0.50172913576098388, 1.2349365720560499, 1.6075647371883264, 0.36352580206931862, -1.051815110693461]
0.76390660039 0.004922885931
[0.09797811700263119, -0.66229202725354885, 1.4828484972753948, -0.97569138429135238, -0.58748788979185385, 0.43336407481949146]
[-0.66229202725351799, 4.8255088427585164, -11.694546908264524, 9.1539190079250368, 3.1035039722129483, -3.8772579239450633]
[1.4828484972752349, -11.694546908263895, 31.329679181997879, -30.952060126571055, 0.54207249036380911, 10.581912654186228]
[-0.97569138429108282, 9.1539190079234913, -30.952060126568497, 46.819949281269054, -27.462013901729932, -4.1077199689714519]
[-0.58748788979196043, 3.1035039722138897, 0.5420724903610894, -27.462013901727101, 52.995904187369987, -28.605986168561202]
[0.43336407481934153, -3.8772579239441844, 10.581912654184695, -4.1077199689712245, -28.605986168559774, 51.94395528784267]
[[1.0, 0.0, 0.0, 0.0, 0.0], [-120.00000000000327, 120.00000000000327, -36.000000000000973, 4.0000000000001084, -0.16666666666667129], [315.00000000000898, -315.00000000000898, 99.000000000002672, -11.500000000000302, 0.50000000000001232], [-280.00000000000807, 280.00000000000807, -91.000000000002416, 11.000000000000272, -0.5000000000000111], [84.00000000000243, -84.00000000000243, 28.000000000000728, -3.5000000000000817, 0.16666666666667002]]
74 0.047455 2
[2.077454290012852, -2.324633980393711, -1.4503585121762224, 3.766815697120554, 0.8568394564144588, 0]
