1000.0 0.0779191396 -0.7 5 -9.5652136 1 0 1e-14
45 6 38 8 0
0.53952970225 24.2788366012 0.0 0.0616453535399 0.00525955206861 0.0
[0.048845832902565854, -0.066236875661919506, -0.23101839780207997, 0.41172471006333583, 0.14217803952293159, -0.46119831662772115, 0.046630449394614283, -0.18903638976680281, 0.77540031670779852, -0.6435421517877189, 0.16625278305499669]
-0.0683029638174 0.100714068686
[0.00013024017574290336, -0.00020516054561167985, -0.0017554991509176894, 0.0035207548174495317, 0.0041952679155369318, -0.013799079637284028]
[-0.00020516054561164492, 0.0033174427327469819, -0.0003714538455916278, -0.023872832298381823, 0.027187807272556343, 0.035083691892921501]
[-0.0017554991509177403, -0.00037145384559085856, 0.036605760497217602, -0.041586199938285245, -0.14171251978629223, 0.27471486863976685]
[0.0035207548174492867, -0.023872832298382721, -0.041586199938278161, 0.25199827279337839, -0.093752101049500547, -0.60768060930199763]
[0.004195267915537597, 0.027187807272553079, -0.14171251978630195, -0.093752101049459427, 0.98327062569983015, -0.85125693299402283]
[-0.01379907963728403, 0.035083691892927718, 0.2747148686397573, -0.60768060930204393, -0.85125693299390381, 2.7349834044080268]
[[0.20960834337965906, 0.79039165662034094, -0.24695570763597097, 0.028619709725592864, -0.0012457038888014807], [-25.153001205560042, 25.153001205560042, -6.3653150836837398, 0.56563483292888761, -0.017182200010490572], [66.026628164595152, -66.026628164595152, 21.208952094669847, -2.4847914364383321, 0.10760327502753758], [-58.690336146306819, 58.690336146306819, -21.852401861928762, 2.9864812768340729, -0.15120291113558892], [17.607100843892049, -17.607100843892049, 7.2557205585786289, -1.0959443830502218, 0.06202754000734334]]
52 0.094224 2
[-0.06405703288862262, -0.23959806764894298, 0.4058121262924151, 0.2514999864641697, -0.7121703123190098, 0]
