1000.0 0.0779191396 -0.7 5 -9.5652136 2 0 1e-14
45 6 33 7 7
0.653354616793 29.4009577557 1.31275995924 2.52921050772 0.0 1.5158263747e-06
[-0.49304187766848928, 2.0682106736810897, -2.2708894481016082, -1.4063251485731945, 2.7218314754808399, 3.3292334215495902, -5.6861385321574316, -3.1578915717238125, 10.319732469852568, -7.0704777181565532, 1.645756255817048]
0.746496212749 9.9999975617e-09
[0.00067015304851876783, -0.0012451706399838009, -0.0054350676646625498, 0.015105807874843948, 0.0085159073059443702, -0.050354132188912666]
[-0.0012451706400212579, 0.010923577250872557, -0.010169267328528601, -0.058330304216779989, 0.12098818161006097, 0.011366666660857314]
[-0.005435067664613975, -0.010169267328944815, 0.11657543355231494, -0.090344802947197253, -0.5336113407861528, 0.93448569409274629]
[0.015105807875041071, -0.058330304216263382, -0.090344802950063391, 0.51742909838415241, -0.06819486705840111, -1.4116483991073721]
[0.0085159073055752176, 0.12098818161134908, -0.53361134078371875, -0.068194867070307613, 3.1031752753350546, -3.8408106778618865]
[-0.050354132189099239, 0.01136666665807516, 0.93448569409845439, -1.4116483990952686, -3.8408106778959086, 9.223257368648488]
[[0.20960834337965906, 0.79039165662034094, -0.24695570763597097, 0.028619709725592864, -0.0012457038888014807], [-25.153001205560042, 25.153001205560042, -6.3653150836837398, 0.56563483292888761, -0.017182200010490572], [66.026628164595152, -66.026628164595152, 21.208952094669847, -2.4847914364383321, 0.10760327502753758], [-58.690336146306819, 58.690336146306819, -21.852401861928762, 2.9864812768340729, -0.15120291113558892], [17.607100843892049, -17.607100843892049, 7.2557205585786289, -1.0959443830502218, 0.06202754000734334]]
74 0.13267 2
[2.077454290012852, -2.324633980393711, -1.4503585121762224, 3.766815697120554, 0.8568394564144588, 0]
