1000.0 0.0779191396 -0.7 5 -9.5652136 1 0 1e-14
45 6 38 8 0
0.54453448155 24.5040516698 0.0 0.0494107269476 0.00366633951883 0.000107440323842
[0.048919981378687416, -0.064525053911520136, -0.2408258973820159, 0.39210874487270547, 0.30044525860234683, -0.6618886871786257, -0.17563976968716144, 0.62469172446142984, -0.077684299366794995, -0.23600397525898575, 0.090401973469939723]
-0.116077196247 0.00219947758589
[0.00011788362717059059, -0.00012744624460986269, -0.0016212048217436438, 0.0022849867944701122, 0.0058032297725436575, -0.012029861365878636]
[-0.00012744624461012436, 0.0028745417542884381, -0.0012900267668143805, -0.016739887983718182, 0.018641940251598696, 0.024323581119637252]
[-0.0016212048217428799, -0.001290026766819163, 0.035229487002607592, -0.027153217671515351, -0.16099893647378133, 0.2538772588473045]
[0.0022849867944709332, -0.016739887983713498, -0.02715321767154396, 0.13729538467236307, 0.045782438597568399, -0.43665618513060883]
[0.0058032297725386121, 0.018641940251619023, -0.16099893647374844, 0.045782438597414724, 0.81331228516390741, -1.0486866673809296]
[-0.012029861365874875, 0.024323581119602346, 0.25387725884733697, -0.43665618513043197, -1.0486866673813069, 2.4558113453834634]
[[0.20960834337965906, 0.79039165662034094, -0.24695570763597097, 0.028619709725592864, -0.0012457038888014807], [-25.153001205560042, 25.153001205560042, -6.3653150836837398, 0.56563483292888761, -0.017182200010490572], [66.026628164595152, -66.026628164595152, 21.208952094669847, -2.4847914364383321, 0.10760327502753758], [-58.690336146306819, 58.690336146306819, -21.852401861928762, 2.9864812768340729, -0.15120291113558892], [17.607100843892049, -17.607100843892049, 7.2557205585786289, -1.0959443830502218, 0.06202754000734334]]
29 0.046915 2
[-0.06405703288862262, -0.23959806764894298, 0.4058121262924151, 0.2514999864641697, -0.7121703123190098, 0]
