1.0 0.0779191396 -0.7 5 -9.5652136 1 0 1e-14
34 6 29 6 0
0.415583869419 14.1298515602 0.0 0.218968207142 0.0 0.0
[0.049027723001485085, -0.041203794844582128, -0.061636035089719612, 0.46267241049635915, -0.77061950845331695, -0.62637978730614485, 1.7583936687242974, -0.52151102835107199, 0.12403901399529715, -0.82656529975432491, 0.45378263758172643]
-0.0380188799532 0.109711242864
[0.00099604584383647214, 0.0042528210463719535, -0.002389227832780727, -0.020232155110631162, 0.0058840364262613583, 0.028710790502555796]
[0.0042528210463722389, 0.04671999378715086, 0.048441488756305447, -0.2465006758325595, -0.17394249755060406, 0.47744162459654199]
[-0.0023892278327800436, 0.048441488756309235, 0.19291461056267356, -0.23932662107813812, -0.81956711492043322, 0.66635980786648374]
[-0.020232155110632685, -0.24650067583256105, -0.23932662107812125, 1.46852210712925, 0.6417756978283965, -3.138773709559123]
[0.0058840364262588343, -0.17394249755061716, -0.81956711492043122, 0.64177569782845545, 4.011092500748072, -2.1632416677406914]
[0.028710790502559126, 0.47744162459655337, 0.66635980786646354, -3.138773709559167, -2.163241667740619, 8.266074414013751]
[[0.20960834337965906, 0.79039165662034094, -0.24695570763597097, 0.028619709725592864, -0.0012457038888014807], [-25.153001205560042, 25.153001205560042, -6.3653150836837398, 0.56563483292888761, -0.017182200010490572], [66.026628164595152, -66.026628164595152, 21.208952094669847, -2.4847914364383321, 0.10760327502753758], [-58.690336146306819, 58.690336146306819, -21.852401861928762, 2.9864812768340729, -0.15120291113558892], [17.607100843892049, -17.607100843892049, 7.2557205585786289, -1.0959443830502218, 0.06202754000734334]]
48 0.030118 2
[-0.06405703288862262, -0.23959806764894298, 0.4058121262924151, 0.2514999864641697, -0.7121703123190098, 0]
