1000.0 0.0779191396 -0.7 5 -9.5652136 1 0 1e-14
43 6 38 8 0
0.56972707182 24.4982640883 0.0 0.0586650903014 0.0 0.000105732144493
[0.048923311177677065, -0.064824109809833469, -0.24165255784274564, 0.39904813510519743, 0.31170041282437244, -0.69820416128850515, -0.20514015226322907, 0.70888035866719579, -0.070885009356422835, -0.30942472522220044, 0.12157849800849041]
-0.11607737825 0.00219948743151
[0.00014489195834244614, 2.2235493646523693e-05, -0.0022490588230274665, 0.00043859963805161845, 0.0093789316080211457, -0.0063447425713173472]
[2.2235493646278781e-05, 0.0039874674568472334, -0.0047743700306312293, -0.030111400568124176, 0.039579703687199534, 0.067262299269290171]
[-0.0022490588230275198, -0.0047743700306365714, 0.049825077439896594, 0.015821594680679951, -0.24414081952774397, 0.12152621714342689]
[0.00043859963805454021, -0.030111400568119104, 0.015821594680617199, 0.29828552429939997, -0.21108131361488874, -0.9519263874478896]
[0.0093789316080204847, 0.039579703687223439, -0.24414081952772426, -0.21108131361518834, 1.2911427033415648, -0.25080073626831123]
[-0.0063447425713286289, 0.067262299269250314, 0.12152621714366543, -0.9519263874476489, -0.25080073626952637, 4.1136447137589425]
[[0.20960834337965906, 0.79039165662034094, -0.24695570763597097, 0.028619709725592864, -0.0012457038888014807], [-25.153001205560042, 25.153001205560042, -6.3653150836837398, 0.56563483292888761, -0.017182200010490572], [66.026628164595152, -66.026628164595152, 21.208952094669847, -2.4847914364383321, 0.10760327502753758], [-58.690336146306819, 58.690336146306819, -21.852401861928762, 2.9864812768340729, -0.15120291113558892], [17.607100843892049, -17.607100843892049, 7.2557205585786289, -1.0959443830502218, 0.06202754000734334]]
46 0.05334 2
[-0.06405703288862262, -0.23959806764894298, 0.4058121262924151, 0.2514999864641697, -0.7121703123190098, 0]
