1.0 0.0779191396 0 5 -9.5652136 1 0 1e-14
34 6 29 6 0
0.460160982021 15.6454733887 0.0 0.426915240144 0.0 0.0
[0.0, 0.082511531636228819, 0.45233679908848118, -0.51004654277932604, -1.0125594566648248, -0.060708230127448637, 1.3095794969949919, 1.2097530374692909, -0.61613005814668753, -2.0473914714467512, 1.1926548939760977]
-0.0618492996333 0.0874666170376
[0.013615838281811114, -0.09837444199136243, 0.23594691287734235, -0.17594638515330907, -0.078701195851923547, 0.080896559432716952]
[-0.098374441991358141, 0.76621499890926703, -2.0070162147560255, 1.819787293453923, 0.27573001732685687, -0.76353276038992068]
[0.23594691287731431, -2.007016214755895, 5.9054748753435202, -6.8443837781644383, 1.3969301846294955, 2.1683907585285378]
[-0.17594638515324212, 1.8197872934534867, -6.844383778163615, 11.709298880052499, -8.2043045174486284, -0.61414272524008984]
[-0.078701195851988565, 0.27573001732737012, 1.3969301846281068, -8.204304517447234, 13.844782393785284, -7.5146420917059267]
[0.080896559432727277, -0.76353276039004092, 2.168390758529013, -0.61414272524092395, -7.5146420917053218, 13.951097931869191]
[[1.0, 0.0, 0.0, 0.0, 0.0], [-120.00000000000327, 120.00000000000327, -36.000000000000973, 4.0000000000001084, -0.16666666666667129], [315.00000000000898, -315.00000000000898, 99.000000000002672, -11.500000000000302, 0.50000000000001232], [-280.00000000000807, 280.00000000000807, -91.000000000002416, 11.000000000000272, -0.5000000000000111], [84.00000000000243, -84.00000000000243, 28.000000000000728, -3.5000000000000817, 0.16666666666667002]]
54 0.033868 2
[-0.06405703288862262, -0.23959806764894298, 0.4058121262924151, 0.2514999864641697, -0.7121703123190098, 0]
