1000.0 0.0779191396 -0.7 5 -9.5652136 2 0 1e-14
47 6 33 7 7
0.628839004006 29.5554331883 1.32630839409 2.10264882799 0.0789307362168 1.42564720665e-06
[-0.49310269090862408, 2.0652073662331643, -2.2615681356224031, -1.3602022337626483, 2.5789364221088618, 3.1803264398321676, -5.0205021294138721, -3.3501864008469395, 9.4165718620066272, -6.1177054013254235, 1.3622249016990544]
0.746496206324 9.9999875159e-09
[0.00061151493418979005, -0.0010656832983864958, -0.0045302185430418094, 0.012330138349906995, 0.0055768100689860987, -0.037370056790222858]
[-0.0010656832983341224, 0.010363338973091628, -0.012924161777910417, -0.049760753520241015, 0.12986671631226823, -0.028504807895164439]
[-0.0045302185431670347, -0.012924161777287899, 0.10258377796143552, -0.047598102556616395, -0.48804783313915973, 0.73417828252887141]
[0.012330138349720155, -0.049760753520998485, -0.047598102552585654, 0.38552030832872175, -0.20660881551804508, -0.79596929350424661]
[0.0055768100698320739, 0.12986671631022326, -0.48804783314432537, -0.20660881549852211, 2.9542994601864656, -3.1906970712848097]
[-0.037370056790722569, -0.028504807890868233, 0.73417828252454465, -0.79596929352679269, -3.1906970712349652, 6.3450200068115876]
[[0.20960834337965906, 0.79039165662034094, -0.24695570763597097, 0.028619709725592864, -0.0012457038888014807], [-25.153001205560042, 25.153001205560042, -6.3653150836837398, 0.56563483292888761, -0.017182200010490572], [66.026628164595152, -66.026628164595152, 21.208952094669847, -2.4847914364383321, 0.10760327502753758], [-58.690336146306819, 58.690336146306819, -21.852401861928762, 2.9864812768340729, -0.15120291113558892], [17.607100843892049, -17.607100843892049, 7.2557205585786289, -1.0959443830502218, 0.06202754000734334]]
80 0.166758 2
[2.077454290012852, -2.324633980393711, -1.4503585121762224, 3.766815697120554, 0.8568394564144588, 0]
