1.0 0.0779191396 -0.7 5 -9.5652136 2 0 1e-14
24 6 15 4 4
0.296488025617 7.11571261481 0.640448432771 0.213049394965 0.0 5.52438797362e-08
[-0.50207065813935281, 2.0022941640992631, -1.8677804551012298, -0.22365736496562469, 0.049801198151547196, -0.66785281612622582, 2.8383048347453634, -1.191232688900457, -0.019373636971977248, -1.192412806544958, 0.77398022975366132]
0.746495959385 1.0047395404e-08
[0.0072174149889508007, 0.033423117512821884, -0.019880912551886492, -0.14953058619653808, 0.049525589800515954, 0.19506897292198619]
[0.033423117541987367, 0.26794040970550065, 0.087110061402475264, -1.256819849801676, -0.43330991506213201, 2.0573865935155204]
[-0.019880912487266571, 0.087110061782091741, 0.67615371482262898, -0.34379378476455286, -3.127274400493258, 1.6221450131651041]
[-0.14953058634986055, -1.2568198499074312, -0.34379378300323205, 6.3363344316864341, 1.4186137826307381, -11.705833099761966]
[0.049525589526334846, -0.43330991653214573, -3.1272744001815291, 1.4186137893643622, 15.407338289939293, -6.9974476702578468]
[0.19506897332394657, 2.0573865945887055, 1.6221450103110118, -11.705833103946144, -6.9974476600870839, 28.905962356039467]
[[0.20960834337965906, 0.79039165662034094, -0.24695570763597097, 0.028619709725592864, -0.0012457038888014807], [-25.153001205560042, 25.153001205560042, -6.3653150836837398, 0.56563483292888761, -0.017182200010490572], [66.026628164595152, -66.026628164595152, 21.208952094669847, -2.4847914364383321, 0.10760327502753758], [-58.690336146306819, 58.690336146306819, -21.852401861928762, 2.9864812768340729, -0.15120291113558892], [17.607100843892049, -17.607100843892049, 7.2557205585786289, -1.0959443830502218, 0.06202754000734334]]
85 0.140177 2
[2.077454290012852, -2.324633980393711, -1.4503585121762224, 3.766815697120554, 0.8568394564144588, 0]
