1.0 0.0779191396 -0.7 5 -9.5652136 2 0 1e-14
24 6 15 4 4
0.294227721257 7.06146531018 0.615631733726 0.331192952766 0.0 0.0
[-0.50220762287900389, 2.0021306195946975, -1.8137025338846893, -0.10299249009735154, -0.39294344232595979, -0.79353788492923227, 3.7354307574990275, -1.8894535837092556, 0.55446065527680588, -1.8234651566233708, 1.0262806820783403]
0.706728910554 0.0103212621745
[0.0072192954719561752, 0.033259981077056439, -0.020266542500965271, -0.14816563279492587, 0.049940793766202446, 0.19227064175569922]
[0.033259981077055335, 0.32180030121185171, 0.20733038328695105, -1.6978308242423783, -0.55858456008350987, 2.9511143136612477]
[-0.020266542500966159, 0.20733038328693823, 0.94488582244002661, -1.3287079578784722, -3.4075818519316363, 3.6187349600063987]
[-0.14816563279491735, -1.6978308242423676, -1.3287079578785619, 9.9481595069169018, 2.4452543156283681, -19.026169482827406]
[0.0499407937662011, -0.5585845600834719, -3.4075818519315839, 2.4452543156280786, 15.700005905655724, -9.0791028112946996]
[0.19227064175568162, 2.951114313661193, 3.6187349600065577, -19.026169482827189, -9.0791028112953018, 43.743599338549373]
[[0.20960834337965906, 0.79039165662034094, -0.24695570763597097, 0.028619709725592864, -0.0012457038888014807], [-25.153001205560042, 25.153001205560042, -6.3653150836837398, 0.56563483292888761, -0.017182200010490572], [66.026628164595152, -66.026628164595152, 21.208952094669847, -2.4847914364383321, 0.10760327502753758], [-58.690336146306819, 58.690336146306819, -21.852401861928762, 2.9864812768340729, -0.15120291113558892], [17.607100843892049, -17.607100843892049, 7.2557205585786289, -1.0959443830502218, 0.06202754000734334]]
73 0.051343 2
[2.077454290012852, -2.324633980393711, -1.4503585121762224, 3.766815697120554, 0.8568394564144588, 0]
