1000.0 0.0779191396 -8.7496066175 5 -9.5652136 2 0 1e-14
47 6 33 7 7
0.653026115511 30.692227429 1.02707863055 0.174348983389 0.0894892907916 3.55493273934e-05
[-0.0078221537729736279, 0.07960474874095981, -0.31474773293667985, 0.71848407838536521, -1.3260941415095242, 2.0733237743858455, -1.8176013494345726, -0.21015965644740309, 1.9052582859775919, -1.4693141138898094, 0.36906826050119479]
0.74649703029 9.99973532944e-09
[1.9005967578100512e-05, -1.4298594779492854e-06, -0.00017254449989288, 7.1908385704365531e-05, 0.00044231398755833248, -0.00026789362371692604]
[-1.4298594778937863e-06, 0.00040195468363736351, -0.00029682715942440054, -0.0023679242944902317, 0.0028217537968422586, 0.003721100699236141]
[-0.00017254449989290179, -0.00029682715942388571, 0.0020361227317620728, 0.00054627979210268682, -0.006322898223341979, 0.0012176111382492881]
[7.1908385703959741e-05, -0.0023679242944904533, 0.00054627979210651438, 0.016729462035161249, -0.016082212688324826, -0.029124215125223941]
[0.00044231398755874816, 0.0028217537968409589, -0.0063228982233453053, -0.016082212688313724, 0.032426074985513795, 0.0220404606676982]
[-0.00026789362371621968, 0.0037211006992369749, 0.0012176111382424277, -0.029124215125227171, 0.022040460667720904, 0.053699854727933025]
[[0.0059901836377342643, 0.99400981636226571, -0.31440918138148882, 0.036927875418743303, -0.001631023129697701], [-0.71882203652814469, 0.71882203652814469, 1.7291017657786707, -0.43134505024920422, 0.029056108897057231], [1.8869078458863804, -1.8869078458863804, -0.038892135169013325, 0.13228075690416172, -0.013772285854775293], [-1.6772514185656719, 1.6772514185656719, -2.9654292131830959, 0.66019488275185556, -0.043313523684644133], [0.50317542556970163, -0.50317542556970163, 1.589628763954928, -0.39805846482555651, 0.029660723772059895]]
86 0.190037 2
[2.077454290012852, -2.324633980393711, -1.4503585121762224, 3.766815697120554, 0.8568394564144588, 0]
