1000.0 0.0779191396 -0.7 5.0 13.96423678 4 0 0 1 1e-14
1305 1295 657 569 69 0 8 8 34 31 32 0
0.8954457080706145 1168.5566490321519 475.88897782372334 385.51324330782995 118.63824606716996 0.0 0.0 7.9543298029541925 7.731459793241552 100.83024812954388 0.5989629776013456 71.39778283346804 0.0 0.0 0.0033557759886267274 4.25206307289488e-05
0.841405792906 9.99977047046e-05 0.850999347922 9.99998011818e-05
[0.23981196973260466, -1.1094890516468119, 1.4472755921422558, 0.4383494951453537, -2.4349603951829932, 1.4866961965889895, 2.6797972317960923, -6.300679763938287, 1.3847541032937551, 8.007883371189632, -8.27774026754652, 2.398973776198119, 0.03932774222795388]
[0.738957564796276, -3.064268436939974, 3.4364889888597046, 1.7146076082293562, -3.871543082227605, -2.9549545802599853, 2.2123120058731347, 12.152833615090517, -11.491481234392932, -12.950918331468287, 26.941565009793152, -16.402359812537213, 3.5387606851839024]
[-0.005167949324752141, 0.0005617573268977144, -1.5528087061912422e-05, 0.007283000337709539, 0.000956538652815551, -0.004807879733156321, -0.008284187456235893, -0.007153637291973633, -0.0006257472668414623, 0.0017879738764843471, -0.003042656114258677, 0.0, 0.0019528587767528465, -0.00801227129077593, -0.00341076262717742, -0.005387165712574757, -0.008206919283918387, -0.0012844287186669218, 0.0023148612560796047, -0.003449149108286937, -0.0035971910518477796, -0.004166288753176393, -0.007782483009147332, -0.009829735311462801, -0.007197141700235082, 0.0045688564456423195, 0.0012426262082503433, -0.005159825246897585, -0.009563899658888195, -0.002788388201352326, -0.0009438241776712503, -0.012526258083713599, -0.001104435774357727, -0.02519970296347024]
[0.9981221159514695, 0.9912795926869662, 1.0042085981848023, 1.0059803452408893, 1.0037109593256814, 1.003576114152631, 1.0003635383502385, 0.9948361989165801, 1.0006013431967173, 1.0097120664350054, 0.9964816080064122, 1.006749394912116, 0.9991785882677822, 0.9925365599710728, 0.9914995830346693, 1.0079616572920111, 1.0026913886276954, 0.9994953086464197, 0.9940039638982229, 0.9903155474794026, 1.005545260134126, 1.0015371105407047, 1.0085665523386367, 0.9983617894176354, 0.9962643886286393, 0.9881001878896322, 1.0137080353381716, 1.0029982432676317, 0.9925923454911306, 1.0033060528501858, 0.9826312065843366]
[1.0297792864908728, 0.9821334298280755, 1.032384867245287, 1.0503980314856398, 1.0364598639385705, 1.0206901034427065, 1.0419494739674204, 1.0231520770281308, 1.0525367665094494, 1.020804772176143, 1.039332732064139, 1.0458085852670291, 1.024389256230697, 1.0352738389911549, 1.0246300716095238, 1.0860831864629734, 0.9561881062324665, 1.1000615320835727, 1.0282062176073035, 1.094157836638066, 1.0078076422897917, 1.0083792978104305, 1.0294907238241946, 1.009146375696895, 0.9961591385633829, 1.0042941338713482, 1.0231606589996767, 1.011353292207583, 1.0378470425431197, 1.025870580474331, 1.0461840301632401, 1.0252751529789477]
[2.3366759985024605e-05, -3.883723023930918e-05, -0.00035327560830253536, 0.0004180322522509454, 0.0018469068300994112, -0.0018351973045894862, -0.004052623369953734, 0.004052619766380437, -1.6177646722068829e-06, 7.973988363157919e-05, -0.00018265135184652716, -0.00032784046428601646, 0.0015760035192539516, -0.0008925843563618302, -0.0034788608074848015, 0.005672670575648547]
[-3.883723016764804e-05, 0.000499049413720689, 0.00014204915016698838, -0.004758338068330036, 0.0025840531697998107, 0.016596550317432592, -0.018039135538180703, -0.018015006893160025, -4.760951503372812e-05, -0.0002010853109526186, 0.0014743999479865664, -0.0012398568234309308, -0.00679578935247462, 0.015068813077488202, -0.0009193174086294895, -0.027482623153203732]
[-0.00035327560838220237, 0.0001420491514169719, 0.007333237998836869, -0.0028749208396513315, -0.04689331173033027, 0.025533825496603463, 0.11982942401124819, -0.09303585002951165, 0.00018184421548219867, -0.0011075372443233647, -0.00014001097535883995, 0.010819658987213428, -0.01685401178960823, -0.02264913663075356, 0.08562362212043316, -0.05513756954271945]
[0.000418032251274349, -0.004758338067528468, -0.0028749208226008806, 0.05420642934829956, -0.022529316209273283, -0.22331462496056986, 0.2211803222647912, 0.30757556139409736, 0.00014448002458402256, 0.0029510034788117, -0.012627389361602657, -0.0013221839877327545, 0.07832368158516678, -0.10480691960246145, -0.08264283564247993, 0.2825227215769559]
[0.0018469068313747713, 0.0025840531625396673, -0.046893311745626984, -0.022529316113656068, 0.3553161522888404, -0.026532166109785267, -1.084884152060499, 0.5912018181916664, -0.001187744075511636, 0.003511871423851296, 0.013928900498579581, -0.06528562471963947, 0.023613381570439927, 0.252486782574068, -0.4611314855094183, 0.06164239058553811]
[-0.0018351973000639283, 0.016596550309736047, 0.025533825419479076, -0.22331462491444898, -0.026532165696751042, 1.1111414907539527, -0.6389618683083687, -2.1107419514483095, 0.0007314954745250917, -0.012986444651233423, 0.031173430232195445, 0.06235277145101021, -0.2877566248587336, 0.12145996434967593, 0.656549515440713, -0.8915961133340706]
[-0.004052623376862997, -0.018039135516339944, 0.11982942411693853, 0.2211803220058364, -1.0848841524383472, -0.6389618672982952, 3.98052102239291, -0.8664075213748292, 0.001773308546622587, 0.0027990166377581467, -0.06014533109348065, 0.10760798127682442, 0.19091884941462808, -0.748397219475195, 0.6162742269362047, 0.6060045140804742]
[0.004052619759424145, -0.0180150068681265, -0.09303584992271514, 0.30757556118475693, 0.5912018177036383, -2.110741950895998, -0.8664075205267224, 6.225204537039176, -0.0022213534295204562, 0.015966204201191783, -0.00046425078636943423, -0.17306527363808794, 0.25440513936627623, 0.4676086712376988, -1.3393177025700544, 0.422586064610179]
[-1.617764674300271e-06, -4.7609514996097455e-05, 0.0001818442154192799, 0.00014448002414370724, -0.001187744074512775, 0.0007314954759759986, 0.0017733085422161202, -0.0022213534295792764, 5.47014504676685e-05, -8.707519158312339e-05, -0.0006248197852488337, 0.0019545270457563936, 0.0008157921302035028, -0.008987185552058578, 0.008335126604073964, 0.008296870453727906]
[7.973988358784478e-05, -0.0002010853111316284, -0.0011075372432064305, 0.0029510034813043117, 0.003511871415220293, -0.012986444663094574, 0.0027990166685678327, 0.01596620422305991, -8.707519153619694e-05, 0.001150995637703755, -0.0016693448368501691, -0.00826395872243298, 0.023597964280061525, 0.0058329139960191095, -0.08187156166988784, 0.0756905038368422]
[-0.00018265135165810962, 0.0014743999480189278, -0.0001400109782197468, -0.012627389363122745, 0.013928900512116902, 0.031173430248895826, -0.060145331127518055, -0.0004642508572479248, -0.0006248197854769069, -0.0016693448362351145, 0.018084499406897617, -0.019528152611573438, -0.08891437240175733, 0.20229534067046875, 0.028666976219465262, -0.4302658812165181]
[-0.00032784046417981484, -0.00123985682316149, 0.01081965898342067, -0.0013221839943667638, -0.06528562468451368, 0.0623527714822673, 0.10760798114459555, -0.1730652736706779, 0.001954527046197021, -0.00826395872323211, -0.01952815261814677, 0.14569407525244757, -0.11733510314250022, -0.5514512819205606, 1.1881972001222132, -0.18927089859237822]
[0.0015760035179039084, -0.006795789352159224, -0.016854011767937247, 0.07832368159685132, 0.023613381452689028, -0.28775662498985866, 0.19091884975852913, 0.25440513986162805, 0.0008157921304661521, 0.023597964278235246, -0.08891437238036894, -0.11733510322260211, 0.851554870454723, -0.45158174018306174, -2.526570134387208, 3.6750329438677967]
[-0.0008925843552153269, 0.015068813080186398, -0.02264913664669865, -0.10480691963493663, 0.2524867826421367, 0.12145996455314324, -0.7483972196641149, 0.46760867058074956, -0.008987185555517859, 0.0058329140000710974, 0.2022953407066494, -0.5514512818658606, -0.4515817407036653, 3.273184635748013, -3.027359710940172, -3.288669767519547]
[-0.003478860804967539, -0.000919317418940145, 0.08562362209041037, -0.0826428355815791, -0.46113148538871795, 0.6565495154175204, 0.616274226663545, -1.339317703200851, 0.008335126610685157, -0.08187156167137606, 0.02866697603636116, 1.1881972004765418, -2.5265701335169326, -3.027359713646189, 14.435658560445358, -9.868438165168014]
[0.005672670571195794, -0.02748262314952288, -0.0551375694875739, 0.28252272160355113, 0.06164239035012431, -0.8915961138361926, 0.6060045147801982, 0.4225860667511686, 0.008296870452809394, 0.07569050383468594, -0.4302658810897914, -0.18927089913161474, 3.6750329440325675, -3.2886697644710297, -9.868438170938783, 17.748390529355078]
[[0.343531045880931, 0.6564689541190689, -0.16958560805878747, 0.015946063591475945, -0.0005503438318799002], [-75.57683009382168, 75.57683009382168, -17.691166227071516, 1.4918660098757757, -0.04559102365310664], [204.05744125331952, -204.05744125331952, 53.266148813093345, -5.02803822666462, 0.1730957638633889], [-185.50676477574578, 185.50676477574578, -52.42377164826687, 5.38912566060422, -0.20281433078489972], [56.682622570366966, -56.682622570366966, 17.018374670303817, -1.8688995074068504, 0.07585993440649733]]
1833 34.663201 2
[-1.104291446108187, 1.4493576804583859, 0.4047399166864662, -2.3033049353671715, 1.5630796981459416, 0.7798273874433985, -3.9437754105342693, 5.279717101553199]
[-3.0570272801283513, 3.3848166859461246, 1.9554971137983816, -4.032515314923296, -4.36646128318927, 5.573144015965191, 11.233460693125025, -17.288430324478952]
[1, 2, 3, 4, 5, 6, 7, 8, 9, 10, 11, 12, 13, 14, 15, 16, 17, 18, 19, 20, 21, 22, 23, 24, 25, 26, 27, 28, 29, 30, 31]
[[3], [1, 3], [1, 4], [1, 5], [2, 4], [2, 5], [9], [7, 9], [6, 9], [8, 9], [13], [14], [11, 13], [10, 13], [10, 14], [10, 15], [12, 15], [18], [19], [16, 18], [16, 19], [16, 20], [17, 20], [25], [21, 25], [21, 26], [23, 26], [22, 26], [24, 26], [29, 30], [29], [27, 29], [27, 31], [28, 31]]
[[0, 0.18], [0, 0.315], [0, 0.45], [0, 0.585], [0, 0.72], [0, 0.855], [1, 0.18], [1, 0.315], [1, 0.45], [1, 0.585], [1, 0.72], [1, 0.855], [2, 0.18], [2, 0.315], [2, 0.45], [2, 0.585], [2, 0.72], [2, 0.855]]
[[1, 0.018], [2, 0.027], [3, 0.019], [4, 0.016], [5, 0.025], [6, 0.03], [7, 0.04], [8, 0.02], [9, 0.04], [10, 0.019], [11, 0.021], [12, 0.021], [13, 0.021], [14, 0.04], [15, 0.03], [16, 0.023], [17, 0.038], [18, 0.08], [19, 0.024], [20, 0.041], [21, 0.015], [22, 0.015], [23, 0.035], [24, 0.046], [25, 0.019], [26, 0.019], [27, 0.015], [28, 0.029], [29, 0.035], [30, 0.021], [31, 0.021], [32, 0.022]]
[1, 2, 3, 4, 5, 6, 7, 8, 9, 10, 11, 12, 13, 14]
