1000.0 0.0779191396 -0.7 5.0 13.96423678 4 0 0 1 1e-14
1313 1299 657 569 69 0 8 8 34 31 32 4
0.9019258440344894 1184.2286332172846 476.674238765561 397.26427585553324 121.90734752573692 0.0 0.0 6.12899673095219 9.242286156587754 101.49458526239685 0.5909286243830032 70.85102440030835 0.018132397391066857 0.05349194156515262 0.0032731703656545263 5.238650337336184e-05
0.841405721163 9.99976382444e-05 0.850999276215 9.99992410341e-05
[0.2395714169116584, -1.1136925670013618, 1.4487132202065975, 0.5280864719862381, -2.386503453740391, 0.8496817950327059, 2.2792057646736525, -4.200041167115187, 2.2070923515784577, 4.341969317706886, -8.239188084396098, 5.229175905718897, -1.184070971562047]
[0.7390155477755518, -3.06556672935774, 3.4247347534586154, 1.75830961492757, -3.789441681149669, -3.3555514560052475, 2.263915074363957, 13.440790708207311, -12.9297953342071, -13.745080363505124, 29.437261464984772, -18.1222374679179, 3.9436458684248805]
[-0.005241542103949551, 0.0005552505806717657, -5.408282350773901e-05, 0.007290388532249381, 0.0009178722007185892, -0.004874125616431183, -0.008366583234084745, -0.00723964633506026, -0.000670171035547055, 0.0016348154106474411, -0.003007505037774883, 0.0, 0.002027797082671714, -0.008039930529008208, -0.0034504129130490204, -0.005413171993527445, -0.00818730574136141, -0.001318905842947749, 0.0025887598086678392, -0.0034308497932406404, -0.003645209339589975, -0.004100256584864724, -0.0078034142652934615, -0.009936515251902187, -0.007167741635526727, 0.004717077701393931, 0.0013160902697519153, -0.005315828796399447, -0.009584833796374013, -0.00283985732766776, -0.001200312876187913, -0.012199472359167298, -0.0011162986552457294, -0.025333837097760853]
[0.9981303855369206, 0.99119597144582, 1.0041990044276954, 1.0059898947230508, 1.0036702471163066, 1.0036498552726196, 1.000371367551871, 0.9947594833618815, 1.0005204973864616, 1.0097553656981932, 0.9964548053832821, 1.00686947790904, 0.999107349079506, 0.9924390790429631, 0.991372609348767, 1.0079556645250762, 1.0029795279333305, 0.9994392875781071, 0.9939530662043571, 0.9902178769068591, 1.0052466563015796, 1.0014320761964735, 1.0083904863901603, 0.9981236343551805, 0.9964624115884064, 0.9883429364194838, 1.0135906798497352, 1.0022488389189574, 0.9926212807641054, 1.0035810468053454, 0.9830546436784023]
[1.02892446669927, 0.9859081643069249, 1.0312246539982448, 1.0503770834583217, 1.0345989987910815, 1.0229745034905757, 1.0400035484050272, 1.0224791284257078, 1.0524333667972057, 1.0207753902652226, 1.0371209793799316, 1.0470510985698451, 1.0266501937673156, 1.0323754514765229, 1.0244882750527504, 1.0886627750650295, 0.9546368732958604, 1.1062729121389774, 1.0269708708205392, 1.0901061824761937, 1.0077933567228679, 1.0083649372899974, 1.029451007704813, 1.009133399866949, 0.9965553687992912, 1.0045244255953736, 1.0220068530973823, 1.010949368629736, 1.037709704082234, 1.0257883610639853, 1.0459554253560837, 1.0252079497015707]
[1.7394401855908372e-05, -3.789700122103033e-05, -0.0002203012646806073, 0.0004921251029649903, 0.0008799868902480484, -0.002414976161710482, -0.000846429809138521, 0.005182374178108048, -6.93114368199327e-07, 6.884703236160272e-05, -0.00016640446467171825, -0.00025661643836888274, 0.0012877886447554933, -0.0007582065823032697, -0.002401041028597958, 0.003856771207635615]
[-3.7897001208479544e-05, 0.00047995054249573625, 0.0001263355503269545, -0.004511747191418088, 0.0026487994951415825, 0.015325438778275444, -0.017741305292555236, -0.015051104317866715, -4.601073066901164e-05, -0.00019727064549286352, 0.0014175295451412048, -0.001175651130810851, -0.0064168854631703395, 0.014256440221740543, -0.0015223830114374384, -0.024836299180493213]
[-0.00022030126475667045, 0.0001263355508227917, 0.004357904754318161, -0.0045934739990247464, -0.025207565822655393, 0.03875274848350365, 0.04780185079083419, -0.11870283218791089, 0.00015698286931758293, -0.0008725887822900274, -0.00037927059297729543, 0.009193223551633116, -0.011445808332035729, -0.024439961735720078, 0.06445280547343883, -0.02048541818685358]
[0.0004921251029507668, -0.004511747191529371, -0.00459347399557226, 0.04972421200297483, -0.009354414963870827, -0.1972037067317273, 0.1703363857943029, 0.24977252477172635, 0.0001137242820610445, 0.0030488594012214923, -0.012192462968480438, -0.003035556052308765, 0.07801426721081822, -0.09724786788640542, -0.09131078711346709, 0.27773836121392437]
[0.0008799868909647578, 0.002648799488690987, -0.0252075658246381, -0.009354414909096886, 0.19699262496199957, -0.12607677920464738, -0.5576332350627599, 0.7849673726764377, -0.0009927216414739157, 0.001838407605300871, 0.015215149774193, -0.0533317225927086, -0.011921688959848811, 0.26093554656095613, -0.31768544267274723, -0.16840370531900936]
[-0.002414976162482934, 0.01532543878465269, 0.03875274847528346, -0.1972037067863331, -0.1260767790023598, 0.9537782772956771, -0.27064738178789666, -1.7654679510726798, 0.0008951519692192919, -0.013870394782920925, 0.03018968928463388, 0.07320522222651182, -0.30200402041498065, 0.09472420506303313, 0.7558262738675748, -0.9662035953018917]
[-0.0008464298110227525, -0.01774130526736301, 0.04780185079238352, 0.17033638557264857, -0.5576332350564641, -0.2706473809145879, 2.2099488126083964, -1.5974353992776447, 0.00110138383153382, 0.008248930971477254, -0.06340943966636627, 0.06690936889763842, 0.302441438455479, -0.7622737366705796, 0.14840711258392858, 1.325994145240914]
[0.005182374181821139, -0.015051104361382883, -0.11870283217011576, 0.24977252516059725, 0.7849673721742411, -1.765467952108482, -1.5974353970567037, 5.4564518225088054, -0.0024899169182369283, 0.017800391307761478, -6.895177563091208e-05, -0.19556698005004775, 0.2999263662945079, 0.5108021222884045, -1.6023977923096797, 0.66505234612018]
[-6.931143798652204e-07, -4.601073073638731e-05, 0.00015698286966532617, 0.00011372428255196137, -0.0009927216446959234, 0.0008951519698098981, 0.001101383842599084, -0.002489916930363573, 5.271468575844753e-05, -8.70297587431166e-05, -0.000576002580664188, 0.0019129990048947453, 0.0004487301736921766, -0.008461707149200496, 0.00928560701819827, 0.0061331481710999]
[6.884703238248317e-05, -0.0001972706457958972, -0.0008725887819230027, 0.0030488594037492668, 0.0018384075995206712, -0.013870394787186137, 0.008248930993534874, 0.01780039129416757, -8.702975862203853e-05, 0.0011182192953757507, -0.0015764618135543117, -0.008035295622980373, 0.02236635417341475, 0.0063374840968866055, -0.07729408220452641, 0.06886658191686756]
[-0.00016640446443127462, 0.001417529546782898, -0.00037927060176882804, -0.01219246297905152, 0.015215149857276664, 0.030189689255797156, -0.06340943994289287, -6.895143588667163e-05, -0.0005760025809138379, -0.0015764618104782456, 0.016534435952654733, -0.019022341669906077, -0.07551723285067903, 0.18615218378257345, -0.010033398414331448, -0.35033023916036193]
[-0.0002566164393020756, -0.001175651128050118, 0.00919322356613713, -0.003035556086306188, -0.053331722686539566, 0.07320522243633469, 0.0669093691336794, -0.19556698074861567, 0.0019129990033576781, -0.008035295630352449, -0.019022341616920194, 0.14271729984082399, -0.11703697317561251, -0.5398758163471254, 1.1745683418728026, -0.19611619093525956]
[0.0012877886447866967, -0.006416885480919807, -0.011445808295956334, 0.07801426735761902, -0.011921689379233467, -0.30200402063367515, 0.3024414399931047, 0.29992636525631416, 0.0004487301786570306, 0.022366354164826217, -0.07551723295454389, -0.11703697278314243, 0.7262586793919193, -0.32009381097716033, -2.1400022566507038, 2.934298039447347]
[-0.0007582065775710899, 0.014256440224536975, -0.024439961848520292, -0.0972478678463346, 0.26093554748327424, 0.09472420412137311, -0.7622737394539995, 0.5108021271524812, -0.00846170714673739, 0.006337484144175941, 0.18615218362531086, -0.5398758167781469, -0.32009380897514195, 3.0832233116329593, -3.3776947314802404, -2.4648182570027406]
[-0.00240104103583924, -0.0015223829418557948, 0.06445280550074521, -0.09131078779125067, -0.3176854424097788, 0.7558262763253653, 0.14840711068397505, -1.6023977959682574, 0.009285606994243141, -0.07729408224161612, -0.010033397759017178, 1.1745683409594685, -2.1400022596954935, -3.377694723499582, 13.175830249657484, -7.619011742693877]
[0.003856771206044921, -0.024836299261458264, -0.020485417991872295, 0.2777383618667109, -0.16840370742898284, -0.9662035960912498, 1.3259941527738504, 0.6650523404866602, 0.0061331481925593, 0.06886658186236708, -0.35033023956319403, -0.19611618907284298, 2.934298038778597, -2.4648182657308038, -7.6190117267758035, 13.290607494277516]
[[0.343531045880931, 0.6564689541190689, -0.16958560805878747, 0.015946063591475945, -0.0005503438318799002], [-75.57683009382168, 75.57683009382168, -17.691166227071516, 1.4918660098757757, -0.04559102365310664], [204.05744125331952, -204.05744125331952, 53.266148813093345, -5.02803822666462, 0.1730957638633889], [-185.50676477574578, 185.50676477574578, -52.42377164826687, 5.38912566060422, -0.20281433078489972], [56.682622570366966, -56.682622570366966, 17.018374670303817, -1.8688995074068504, 0.07585993440649733]]
1149 20.573516 2
[-1.104291446108187, 1.4493576804583859, 0.4047399166864662, -2.3033049353671715, 1.5630796981459416, 0.7798273874433985, -3.9437754105342693, 5.279717101553199]
[-3.0570272801283513, 3.3848166859461246, 1.9554971137983816, -4.032515314923296, -4.36646128318927, 5.573144015965191, 11.233460693125025, -17.288430324478952]
[1, 2, 3, 4, 5, 6, 7, 8, 9, 10, 11, 12, 13, 14, 15, 16, 17, 18, 19, 20, 21, 22, 23, 24, 25, 26, 27, 28, 29, 30, 31]
[[3], [1, 3], [1, 4], [1, 5], [2, 4], [2, 5], [9], [7, 9], [6, 9], [8, 9], [13], [14], [11, 13], [10, 13], [10, 14], [10, 15], [12, 15], [18], [19], [16, 18], [16, 19], [16, 20], [17, 20], [25], [21, 25], [21, 26], [23, 26], [22, 26], [24, 26], [29, 30], [29], [27, 29], [27, 31], [28, 31]]
[[0, 0.18], [0, 0.315], [0, 0.45], [0, 0.585], [0, 0.72], [0, 0.855], [1, 0.18], [1, 0.315], [1, 0.45], [1, 0.585], [1, 0.72], [1, 0.855], [2, 0.18], [2, 0.315], [2, 0.45], [2, 0.585], [2, 0.72], [2, 0.855]]
[[1, 0.018], [2, 0.027], [3, 0.019], [4, 0.016], [5, 0.025], [6, 0.03], [7, 0.04], [8, 0.02], [9, 0.04], [10, 0.019], [11, 0.021], [12, 0.021], [13, 0.021], [14, 0.04], [15, 0.03], [16, 0.023], [17, 0.038], [18, 0.08], [19, 0.024], [20, 0.041], [21, 0.015], [22, 0.015], [23, 0.035], [24, 0.046], [25, 0.019], [26, 0.019], [27, 0.015], [28, 0.029], [29, 0.035], [30, 0.021], [31, 0.021], [32, 0.022]]
[1, 2, 3, 4, 5, 6, 7, 8, 9, 10, 11, 12, 13, 14]
