Q2,GMn/muGD,dGMn/muGD
1e-06,0.9999996247226515,0.019640481770707204
1.0116e-06,0.9999996203692733,0.019640477148142516
1.0233e-06,0.9999996159783621,0.01964047248573004
1.0351e-06,0.9999996115499179,0.01964046778346977
1.0471e-06,0.9999996070464117,0.019640463001512176
1.0593e-06,0.9999996024678429,0.019640458139857365
1.0715e-06,0.9999995978892695,0.019640453278204583
1.0839e-06,0.9999995932356343,0.01964044833685467
1.0965e-06,0.9999995885069354,0.019640443315807807
1.1092e-06,0.9999995837407031,0.019640438254913538
1.122e-06,0.9999995789369364,0.01964043315417195
1.135e-06,0.9999995740581071,0.01964042797373367
1.1482e-06,0.9999995691042133,0.019640422713598688
1.1614e-06,0.9999995641503154,0.019640417453466105
1.1749e-06,0.9999995590838235,0.019640412073787583
1.1885e-06,0.9999995539797967,0.019640406654262074
1.2023e-06,0.9999995488007065,0.01964040115504039
1.2162e-06,0.9999995435840806,0.01964039561597186
1.2303e-06,0.9999995382923899,0.01964038999720725
1.2445e-06,0.9999995329631644,0.01964038433859607
1.2589e-06,0.9999995275588734,0.019640378600288937
1.2735e-06,0.9999995220795171,0.019640372782286048
1.2882e-06,0.9999995165626251,0.01964036692443679
1.3032e-06,0.9999995109331374,0.019640360947042693
1.3183e-06,0.999999505266113,0.019640354929802453
1.3335e-06,0.9999994995615529,0.01964034887271609
1.349e-06,0.9999994937443961,0.019640342696085323
1.3646e-06,0.9999994878897026,0.019640336479608635
1.3804e-06,0.9999994819599421,0.019640330183437
1.3964e-06,0.9999994759551144,0.01964032380757051
1.4125e-06,0.9999994699127495,0.0196403173918584
1.4289e-06,0.9999994637577869,0.019640310856602613
1.4454e-06,0.9999994575652863,0.019640304281501434
1.4622e-06,0.9999994512601869,0.019640297586856807
1.4791e-06,0.9999994449175494,0.01964029085236708
1.4962e-06,0.999999438499843,0.01964028403818323
1.5136e-06,0.9999994319695376,0.019640277104456517
1.5311e-06,0.9999994254016931,0.019640270130884995
1.5488e-06,0.999999418758779,0.019640263077619857
1.5668e-06,0.9999994120032637,0.01964025590481221
1.5849e-06,0.9999994052102095,0.01964024869216026
1.6032e-06,0.9999993983420846,0.019640241399815055
1.6218e-06,0.999999391361358,0.019640233987927986
1.6406e-06,0.9999993843055599,0.019640226496348032
1.6596e-06,0.9999993771746909,0.019640218925075458
1.6788e-06,0.9999993699687494,0.019640211274110298
1.6982e-06,0.9999993626877363,0.019640203543452812
1.7179e-06,0.9999993552941192,0.01964019569325438
1.7378e-06,0.9999993478254292,0.01964018776336398
1.7579e-06,0.9999993402816663,0.01964017975378177
1.7783e-06,0.9999993326252984,0.01964017162465924
1.7989e-06,0.9999993248938563,0.019640163415845246
1.8197e-06,0.9999993170873402,0.019640155127340075
1.8408e-06,0.9999993091682177,0.019640146719295225
1.8621e-06,0.9999993011740202,0.019640138231559537
1.8836e-06,0.999999293104747,0.019640129664133164
1.9055e-06,0.999999284885335,0.019640120937319403
1.9275e-06,0.9999992766283784,0.0196401121706639
1.9498e-06,0.9999992682588126,0.0196401032844699
1.9724e-06,0.9999992597766387,0.01964009427873771
1.9953e-06,0.999999251181855,0.019640085153467587
2.0184e-06,0.9999992425119929,0.019640075948508206
2.0417e-06,0.9999992337670524,0.019640066663859687
2.0654e-06,0.9999992248719685,0.019640057219825716
2.0893e-06,0.9999992159018055,0.01964004769610317
2.1135e-06,0.99999920681903,0.01964003805284404
2.138e-06,0.9999991976236416,0.019640028290048607
2.1627e-06,0.9999991883531723,0.019640018447565334
2.1878e-06,0.9999991789325569,0.019640008445698305
2.2131e-06,0.9999991694368593,0.019639998364143898
2.2387e-06,0.9999991598285468,0.019639988163054435
2.2646e-06,0.9999991501076183,0.019639977842430146
2.2909e-06,0.999999140236541,0.01963996736242354
2.3174e-06,0.9999991302903792,0.019639956802730736
2.3442e-06,0.9999991202315994,0.019639946123504063
2.3714e-06,0.9999991100226686,0.01963993528489617
2.3988e-06,0.9999990997386518,0.019639924366602994
2.4266e-06,0.9999990893044826,0.019639913288929303
2.4547e-06,0.9999990787576922,0.01963990209172324
2.4831e-06,0.9999990680982809,0.019639890774985177
2.5119e-06,0.9999990572887149,0.019639879298867808
2.541e-06,0.9999990463665256,0.019639867703219228
2.5704e-06,0.9999990353317131,0.01963985598803985
2.6002e-06,0.9999990241467422,0.019639844113482404
2.6303e-06,0.9999990128491468,0.019639832119394955
2.6607e-06,0.9999990014389254,0.019639820005777825
2.6915e-06,0.999998989878544,0.019639807732784068
2.7227e-06,0.9999989781680007,0.01963979530041418
2.7542e-06,0.9999989663448291,0.01963978274851596
2.7861e-06,0.9999989543714948,0.019639770037242543
2.8184e-06,0.9999989422479952,0.019639757166594458
2.851e-06,0.9999989300118648,0.01963974417641941
2.884e-06,0.9999989176255681,0.019639731026870694
2.9174e-06,0.9999989050891045,0.019639717717948865
2.9512e-06,0.9999988924024724,0.0196397042496545
2.9854e-06,0.9999988795656699,0.019639690621988094
3.02e-06,0.9999988665786973,0.019639676834950305
3.0549e-06,0.9999988534790879,0.019639662928388528
3.0903e-06,0.9999988401917707,0.019639648822609563
3.1261e-06,0.9999988267542788,0.019639634557460876
3.1623e-06,0.9999988131666119,0.019639620132943125
3.1989e-06,0.9999987994287689,0.0196396055490569
3.2359e-06,0.9999987855407476,0.01963959080580278
3.2734e-06,0.9999987714650123,0.01963957586333481
3.3113e-06,0.9999987572390961,0.019639560761500335
3.3497e-06,0.9999987428254636,0.019639545460453513
3.3884e-06,0.9999987282991828,0.019639530039887873
3.4277e-06,0.9999987135476467,0.019639514380264955
3.4674e-06,0.9999986986459252,0.019639498561278286
3.5075e-06,0.9999986835940158,0.01963948258292853
3.5481e-06,0.999998668354382,0.019639466405370124
3.5892e-06,0.999998652927022,0.01963945002860399
3.6308e-06,0.9999986373119337,0.01963943345263091
3.6728e-06,0.9999986215466523,0.01963941671729781
3.7154e-06,0.9999986055561034,0.019639399742913496
3.7584e-06,0.9999985894153576,0.01963938260917069
3.8019e-06,0.9999985730868777,0.019639365276224462
3.8459e-06,0.999998556570661,0.019639347744075584
3.8905e-06,0.9999985398291691,0.019639329972879337
3.9355e-06,0.9999985229374733,0.019639312042328008
3.9811e-06,0.9999985058204987,0.019639293872731348
4.0272e-06,0.9999984885157795,0.019639275503935853
4.0738e-06,0.999998471023315,0.019639256935942595
4.121e-06,0.999998453305565,0.019639238128907128
4.1687e-06,0.9999984354000645,0.0196392191226759
4.217e-06,0.9999984172692735,0.019639199877404673
4.2658e-06,0.9999983989507287,0.019639180432939864
4.3152e-06,0.9999983804068896,0.019639160749437383
4.3652e-06,0.999998361637753,0.019639140826898365
4.4157e-06,0.9999983426808553,0.01963912070516913
4.4668e-06,0.9999983234986561,0.01963910034440582
4.5186e-06,0.9999983040536141,0.019639079704764778
4.5709e-06,0.999998284420804,0.019639058865937163
4.6238e-06,0.9999982645626845,0.01963903778807928
4.6774e-06,0.9999982444417135,0.019639016431347883
4.7315e-06,0.9999982241329677,0.0196389948754336
4.7863e-06,0.9999982035613646,0.019638973040648596
4.8417e-06,0.9999981827644412,0.01963895096683881
4.8978e-06,0.9999981617046549,0.019638928614161506
4.9545e-06,0.9999981404195427,0.019638906022462297
5.0119e-06,0.9999981188715615,0.019638883151898618
5.0699e-06,0.9999980970982479,0.01963886004231617
5.1286e-06,0.9999980750620594,0.019638836653872335
5.188e-06,0.9999980527629919,0.019638812986568926
5.2481e-06,0.9999980302010428,0.019638789040407636
5.3088e-06,0.9999980074137489,0.019638764855233942
5.3703e-06,0.9999979843260247,0.019638740351361983
5.4325e-06,0.9999979609754078,0.01963871556863748
5.4954e-06,0.9999979373618954,0.019638690507062188
5.559e-06,0.9999979134854827,0.019638665166637963
5.6234e-06,0.9999978893086241,0.019638639507523273
5.6885e-06,0.999997864868859,0.019638613569563604
5.7544e-06,0.9999978401286398,0.019638587312917635
5.821e-06,0.9999978151255051,0.01963856077743056
5.8884e-06,0.9999977898219089,0.01963853392326147
5.9566e-06,0.9999977642178461,0.01963850675041251
6.0256e-06,0.9999977383133132,0.019638479258886052
6.0954e-06,0.9999977121083042,0.019638451448684296
6.166e-06,0.9999976856028155,0.01963842331980959
6.2373e-06,0.9999976588343862,0.019638394912106758
6.3096e-06,0.9999976316903804,0.019638366106050777
6.3826e-06,0.999997604283424,0.019638337021171428
6.4565e-06,0.9999975765384246,0.01963830757778649
6.5313e-06,0.9999975484553769,0.01963827777589881
6.6069e-06,0.9999975200718199,0.019638247655353075
6.6834e-06,0.9999974913502041,0.019638217176309973
6.7608e-06,0.9999974622905231,0.01963818633877236
6.8391e-06,0.9999974328927717,0.019638155142743065
6.9183e-06,0.9999974031569444,0.019638123588225167
6.9984e-06,0.9999973730830346,0.019638091675221476
7.0795e-06,0.9999973426334909,0.019638059363893796
7.1614e-06,0.9999973118833991,0.019638026733927803
7.2444e-06,0.999997280720115,0.019637993665803037
7.3282e-06,0.9999972492562696,0.019637960279046147
7.4131e-06,0.9999972173792174,0.019637926454137363
7.4989e-06,0.9999971851640461,0.019637892270762073
7.5858e-06,0.9999971525356536,0.019637857649242293
7.6736e-06,0.9999971195691271,0.019637822669262856
7.7625e-06,0.9999970861893646,0.019637787251146396
7.8524e-06,0.9999970524339065,0.019637751434737224
7.9433e-06,0.9999970183027452,0.019637715220039095
8.0353e-06,0.9999969837583254,0.01963767856721573
8.1283e-06,0.9999969488381861,0.019637641516111207
8.2224e-06,0.9999969135047717,0.019637604026889726
8.3176e-06,0.9999968777580732,0.019637566099555488
8.414e-06,0.9999968415605326,0.01963752769427351
8.5114e-06,0.9999968049872406,0.019637488890727185
8.6099e-06,0.9999967680006387,0.01963744964908134
8.7096e-06,0.9999967305631672,0.019637409929501453
8.8105e-06,0.9999966926748171,0.01963736973199254
8.9125e-06,0.9999966543731282,0.019637329096398325
9.0157e-06,0.9999966156205411,0.019637287982884895
9.1201e-06,0.9999965764170453,0.019637246391457377
9.2257e-06,0.999996536762631,0.019637204322121
9.3325e-06,0.9999964966572866,0.019637161774880948
9.4406e-06,0.9999964560634509,0.019637118709904672
9.5499e-06,0.999996415018663,0.01963707516703575
9.6605e-06,0.9999963734853609,0.019637031106441917
9.7724e-06,0.9999963314635315,0.019636986528129192
9.8855e-06,0.9999962889907179,0.019636941471941026
1e-05,0.9999962459917997,0.019636895858208558
1.0116e-05,0.9999962024292106,0.019636849647101325
1.0233e-05,0.9999961584907081,0.0196368030378112
1.0351e-05,0.9999961141762824,0.019636756030342976
1.0471e-05,0.9999960691103734,0.019636708226335713
1.0593e-05,0.9999960232929612,0.019636659625799396
1.0715e-05,0.9999959774751408,0.01963661102546907
1.0839e-05,0.9999959309057902,0.01963656162862316
1.0965e-05,0.9999958835848896,0.01963651143527196
1.1092e-05,0.9999958358879854,0.019636460843783267
1.122e-05,0.9999957878150677,0.01963640985416226
1.135e-05,0.9999957389905508,0.019636358068060633
1.1482e-05,0.9999956894144132,0.01963630548548907
1.1614e-05,0.9999956398377985,0.019636252903158777
1.1749e-05,0.9999955891339478,0.01963619912602494
1.1885e-05,0.9999955380540081,0.019636144950797085
1.2023e-05,0.9999954862223741,0.019636089979136392
1.2162e-05,0.999995434014621,0.019636034609396853
1.2303e-05,0.9999953810551363,0.019635978443243638
1.2445e-05,0.9999953277195011,0.019635921879027064
1.2589e-05,0.9999952736320956,0.019635864518416417
1.2735e-05,0.9999952187928954,0.019635806361423657
1.2882e-05,0.9999951635774937,0.019635747806393444
1.3032e-05,0.9999951072346367,0.01963568805667091
1.3183e-05,0.9999950505155384,0.01963562790893154
1.3335e-05,0.9999949934201845,0.019635567363181432
1.349e-05,0.9999949351972968,0.019635505622778816
1.3646e-05,0.9999948765981124,0.019635443484386735
1.3804e-05,0.999994817246977,0.019635380549692008
1.3964e-05,0.9999947571438639,0.0196353168187077
1.4125e-05,0.9999946966643973,0.01963525268976238
1.4289e-05,0.9999946350572542,0.019635187366236654
1.4454e-05,0.9999945730737139,0.019635121644772473
1.4622e-05,0.9999945099624338,0.01963505472875972
1.4791e-05,0.99999444647471,0.019634987414831512
1.4962e-05,0.9999943822348552,0.01963491930469107
1.5136e-05,0.9999943168671632,0.019634850000051367
1.5311e-05,0.9999942511229579,0.01963478029753181
1.5488e-05,0.9999941846265361,0.019634709798843176
1.5668e-05,0.999994117002176,0.019634638105706228
1.5849e-05,0.9999940490012296,0.01963456601472625
1.6032e-05,0.9999939802479787,0.019634493127621815
1.6218e-05,0.9999939103666848,0.01963441904612178
1.6406e-05,0.999993839733016,0.01963434416853307
1.6596e-05,0.9999937683469403,0.019634268494871196
1.6788e-05,0.9999936962084277,0.019634192025152014
1.6982e-05,0.9999936233174463,0.019634114759391474
1.7179e-05,0.9999935492982291,0.019634036299332608
1.7378e-05,0.9999934745264681,0.01963395704327017
1.7579e-05,0.999993399002131,0.019633876991220822
1.7783e-05,0.9999933223494325,0.01963379574493643
1.7989e-05,0.9999932449440798,0.019633713702704246
1.8197e-05,0.9999931667860394,0.019633630864541424
1.8408e-05,0.9999930874995081,0.019633546832209157
1.8621e-05,0.999993007460208,0.01963346200398674
1.8836e-05,0.9999929266681052,0.019633376379891956
1.9055e-05,0.9999928443715912,0.019633289163448392
1.9275e-05,0.9999927616979712,0.019633201549424564
1.9498e-05,0.9999926778956298,0.019633112741347495
1.9724e-05,0.9999925929645131,0.019633022739245082
1.9953e-05,0.9999925069045646,0.01963293154314543
2.0184e-05,0.9999924200915458,0.01963283955130847
2.0417e-05,0.9999923325254174,0.01963274676375339
2.0654e-05,0.9999922434544826,0.01963265238404966
2.0893e-05,0.9999921536303362,0.0196325572086798
2.1135e-05,0.9999920626770954,0.019632460839445396
2.138e-05,0.999991970594701,0.019632363276376536
2.1627e-05,0.9999918777589494,0.019632264917715216
2.1878e-05,0.9999917834180728,0.019632164967065935
2.2131e-05,0.9999916883237299,0.019632064220879306
2.2387e-05,0.9999915921000011,0.019631962280975284
2.2646e-05,0.9999914947468242,0.019631859147385914
2.2909e-05,0.9999913958882425,0.01963175442194942
2.3174e-05,0.9999912962759694,0.0196316489010899
2.3442e-05,0.9999911955340536,0.019631542186642693
2.3714e-05,0.9999910932865158,0.019631433880458696
2.3988e-05,0.9999909902851095,0.019631324778940654
2.4266e-05,0.9999908857779319,0.019631214085761312
2.4547e-05,0.9999907801408284,0.019631102199137888
2.4831e-05,0.9999906733737293,0.019630989119105297
2.5119e-05,0.9999905651006126,0.01963087444753578
2.541e-05,0.999990455697344,0.019630758582636274
2.5704e-05,0.9999903451638525,0.019630641524442983
2.6002e-05,0.9999902331240886,0.019630522874841516
2.6303e-05,0.9999901199539392,0.019630403032028156
2.6607e-05,0.99999000565333,0.019630281996040316
2.6915e-05,0.9999898898461854,0.01963015936877752
2.7227e-05,0.9999897725324041,0.019630035150290912
2.7542e-05,0.999989654087902,0.019629909738761903
2.7861e-05,0.9999895341365737,0.019629782736104325
2.8184e-05,0.9999894126783155,0.019629654142371306
2.851e-05,0.9999892900890665,0.019629524355732602
2.884e-05,0.9999891659926918,0.01962939297811705
2.9174e-05,0.9999890403890832,0.01962926000957943
2.9512e-05,0.9999889132781316,0.019629125450175183
2.9854e-05,0.9999887846597251,0.019628989299960344
3.02e-05,0.9999886545337524,0.019628851558991706
3.0549e-05,0.9999885232762001,0.019628712625414702
3.0903e-05,0.9999883901347622,0.019628571703106404
3.1261e-05,0.999988255485413,0.019628429190218417
3.1623e-05,0.9999881193280356,0.019628285086810224
3.1989e-05,0.9999879816625104,0.01962813939294171
3.2359e-05,0.9999878424887185,0.0196279921086737
3.2734e-05,0.9999877014303772,0.01962784283600976
3.3113e-05,0.999987558863504,0.019627691973080227
3.3497e-05,0.9999874144117931,0.019627539121900604
3.3884e-05,0.999987268827471,0.01962738507863439
3.4277e-05,0.9999871209818338,0.019627228649220157
3.4674e-05,0.9999869716271166,0.019627070629817764
3.5075e-05,0.9999868207631889,0.019626911020492993
3.5481e-05,0.9999866680136829,0.019626749423292456
3.5892e-05,0.9999865133784329,0.019626585838300396
3.6308e-05,0.9999863568572694,0.019626420265602015
3.6728e-05,0.9999861988262931,0.019626253103286213
3.7154e-05,0.9999860385328025,0.019626083555429042
3.7584e-05,0.9999858767291752,0.01962591241811809
3.8019e-05,0.9999857130389642,0.019625739293439894
3.8459e-05,0.9999855474619919,0.01962556418148461
3.8905e-05,0.9999853796217486,0.019625386684370957
3.9355e-05,0.9999852102706984,0.01962520759814246
3.9811e-05,0.9999850386559854,0.019625026126953642
4.0272e-05,0.9999848651537524,0.019624842668871566
4.0738e-05,0.9999846897638107,0.01962465722399187
4.121e-05,0.9999845121095765,0.019624469394470392
4.1687e-05,0.999984332567224,0.019624279578358605
4.217e-05,0.9999841507601386,0.019624087377828014
4.2658e-05,0.9999839670645149,0.019623893190919332
4.3152e-05,0.9999837811037078,0.0196236966198199
4.3652e-05,0.9999835928774742,0.019623497664652524
4.4157e-05,0.9999834027620422,0.01962329672344151
4.4668e-05,0.9999832103807176,0.019623093398398638
4.5186e-05,0.9999830153567479,0.01962288729176525
4.5709e-05,0.9999828184428678,0.019622679199448583
4.6238e-05,0.9999826192623327,0.019622468723685768
4.6774e-05,0.9999824174383384,0.019622255466744655
4.7315e-05,0.9999822137236968,0.0196220402244932
4.7863e-05,0.9999820073650372,0.019621822201346034
4.8417e-05,0.9999817987386359,0.01962160179530329
4.8978e-05,0.9999815874676159,0.01962137860866925
4.9545e-05,0.9999813739282758,0.019621153039432165
5.0119e-05,0.9999811577437011,0.019620924689915397
5.0699e-05,0.9999809392902156,0.019620693958095008
5.1286e-05,0.999980718190866,0.019620460446313683
5.188e-05,0.9999804944453159,0.01962022415474168
5.2481e-05,0.9999802680532262,0.019619985083551304
5.3088e-05,0.999980039390969,0.019619743630693263
5.3703e-05,0.9999798077047793,0.01961949900078247
5.4325e-05,0.9999795733710053,0.01961925159178208
5.4954e-05,0.9999793363892902,0.01961900140387244
5.559e-05,0.9999790967592754,0.019618748437235985
5.6234e-05,0.9999788541037925,0.01961849229432397
5.6885e-05,0.9999786087992416,0.019618233373073918
5.7544e-05,0.9999783604684116,0.019617971275959576
5.821e-05,0.9999781094877284,0.019617706400905037
5.8884e-05,0.9999778554799355,0.01961743835040689
5.9566e-05,0.9999775984445916,0.01961716712468848
6.0256e-05,0.9999773383812512,0.019616892723975706
6.0954e-05,0.9999770752894642,0.01961661514849716
6.166e-05,0.9999768091687727,0.01961633439848407
6.2373e-05,0.9999765403956865,0.019616050871818443
6.3096e-05,0.9999762678388275,0.019615763375792218
6.3826e-05,0.9999759926286348,0.019615473103589076
6.4565e-05,0.9999757140106316,0.019615179260184704
6.5313e-05,0.9999754319842733,0.019614881845854405
6.6069e-05,0.9999751469260824,0.019614581258474036
6.6834e-05,0.9999748584584726,0.019614277100707393
6.7608e-05,0.9999745665808817,0.019613969372839386
6.8391e-05,0.9999742712927405,0.01961365807515837
6.9183e-05,0.9999739725934743,0.01961334320795606
6.9984e-05,0.9999736704825009,0.019613024771527373
7.0795e-05,0.9999733645820316,0.01961270236863883
7.1614e-05,0.99997305564585,0.019612376794667197
7.2444e-05,0.9999727425416861,0.019612046857356163
7.3282e-05,0.9999724264005987,0.01961171374957607
7.4131e-05,0.9999721060901674,0.019611376279146744
7.4989e-05,0.9999717823642597,0.019611035241402612
7.5858e-05,0.9999714544675693,0.019610689841739106
7.6736e-05,0.9999711231540409,0.019610340875451472
7.7625e-05,0.9999707876682572,0.019609987547991307
7.8524e-05,0.999970448386832,0.01960963025718837
7.9433e-05,0.9999701053090321,0.01960926900341454
8.0353e-05,0.9999697580566552,0.0196089033896458
8.1283e-05,0.9999694070063634,0.019608533813687875
8.2224e-05,0.9999690517798867,0.019608159878551273
8.3176e-05,0.999968692376381,0.019607781584664027
8.414e-05,0.9999683284174301,0.019607398535111592
8.5114e-05,0.9999679606572713,0.019607011525040737
8.6099e-05,0.9999675887174941,0.019606620157533568
8.7096e-05,0.9999672122195725,0.019606224035731167
8.8105e-05,0.9999668311625309,0.019605823160128204
8.9125e-05,0.9999664459230835,0.019605417928504162
9.0157e-05,0.9999660561225887,0.019605007944058204
9.1201e-05,0.9999656617600388,0.019604593207302214
9.2257e-05,0.9999652628344133,0.019604173718754128
9.3325e-05,0.9999648593446814,0.01960374947893768
9.4406e-05,0.9999644509119563,0.01960332009117652
9.5499e-05,0.9999640379129677,0.019602885953242364
9.6605e-05,0.9999636199687449,0.019602446668501538
9.7724e-05,0.9999631970781196,0.019602002237548252
9.8855e-05,0.9999627696178718,0.01960155305812817
0.0001,0.999962336830907,0.019601098336544314
0.00010116,0.9999618983378947,0.019600637676346084
0.00010233,0.9999614560277148,0.019600173063735963
0.00010351,0.9999610098994165,0.01959970449919698
0.00010471,0.9999605561708084,0.019599228012576544
0.00010593,0.9999600948399384,0.019598743604866388
0.00010715,0.9999596334686224,0.019598259217677348
0.00010839,0.9999591644924017,0.019597766910742057
0.00010965,0.9999586879092593,0.019597266685085123
0.00011092,0.9999582075000704,0.01959676251152994
0.0001122,0.9999577232638055,0.019596254390600382
0.0001135,0.9999572314158055,0.019595738353396588
0.00011482,0.9999567319539578,0.019595214400992246
0.00011614,0.999956232444802,0.019594690472601914
0.00011749,0.9999557215342392,0.019594154661585678
0.00011885,0.9999552067891322,0.019593614906993767
0.00012023,0.9999546844229324,0.019593067240886365
0.00012162,0.9999541582192271,0.019592515632710597
0.00012303,0.9999536243906839,0.019591956114924546
0.00012445,0.9999530867216114,0.01959139265661007
0.00012589,0.9999525414238767,0.019590821290631586
0.00012735,0.9999519884951442,0.019590242018177526
0.00012882,0.9999514317208268,0.019589658807768626
0.00013032,0.9999508635233696,0.019589063725787875
0.00013183,0.9999502914763182,0.019588464707893875
0.00013335,0.999949715578453,0.01958786175470852
0.0001349,0.9999491282496974,0.01958724693389667
0.00013646,0.9999485370659862,0.019586628179903028
0.00013804,0.9999479382357844,0.019586001527322427
0.00013964,0.9999473317565334,0.019585366977457788
0.00014125,0.9999467214167923,0.01958472849723268
0.00014289,0.9999460996320846,0.01958407815654855
0.00014454,0.9999454739825088,0.019583423887735995
0.00014622,0.9999448368817527,0.01958275776162947
0.00014791,0.9999441959116434,0.01958208770968091
0.00014962,0.9999435472774089,0.019581409768131792
0.00015136,0.9999428871824018,0.01958071997417714
0.00015311,0.9999422232111189,0.019580026257911224
0.00015488,0.999941551567319,0.019579324656323626
0.00015668,0.9999408684528213,0.019578611207390257
0.00015849,0.9999401814548896,0.019577893839798417
0.00016032,0.9999394867757662,0.01957716859131048
0.00016218,0.9999387806156878,0.0195764315007078
0.00016406,0.9999380667674659,0.019575686532754533
0.00016596,0.9999373452280691,0.019574933688998302
0.00016788,0.9999366159944346,0.019574172971002998
0.00016982,0.9999358790634684,0.019573404380348568
0.00017179,0.9999351306326386,0.019572623957227354
0.00017378,0.9999343744971224,0.0195718356652017
0.00017579,0.9999336106537163,0.0195710395059084
0.00017783,0.9999328352981487,0.019570231520427108
0.00017989,0.9999320522270805,0.0195694156715656
0.00018197,0.9999312614371986,0.01956859196101757
0.00018408,0.9999304591224364,0.019567756430778422
0.00018621,0.9999296490809949,0.0195669130428728
0.00018836,0.9999288313094518,0.019566061799051144
0.00019055,0.9999279981954221,0.01956519478342735
0.00019275,0.9999271611470458,0.019564323875167922
0.00019498,0.9999263125512503,0.01956344115873752
0.00019724,0.999925452402656,0.01956254663688651
0.00019953,0.9999245806958116,0.019561640312401693
0.00020184,0.9999237012327097,0.019560726145380253
0.00020417,0.9999228140096471,0.01955980413771813
0.00020654,0.9999219114053474,0.019558866378066617
0.00020893,0.9999210010310321,0.019557920782921748
0.00021135,0.9999200790728072,0.01955696339827455
0.0002138,0.99991914552485,0.019555994227106428
0.00021627,0.9999182041926602,0.019555017227727976
0.00021878,0.99991724744816,0.019554024492263143
0.00022131,0.9999162829087931,0.01955302393403708
0.00022387,0.9999153067570852,0.01955201160087169
0.00022646,0.9999143189868883,0.01955098749591807
0.00022909,0.9999133157771449,0.019549947668828054
0.00023174,0.9999123047505306,0.019548900030259872
0.00023442,0.9999112820865549,0.019547840629578702
0.00023714,0.9999102439617921,0.019546765517649327
0.00023988,0.9999091980030089,0.019545682603043197
0.00024266,0.9999081365688889,0.019544583984651066
0.00024547,0.9999070634697743,0.019543473618321865
0.00024831,0.9999059786989382,0.019542351507509027
0.00025119,0.9999048784288187,0.01954121370519624
0.0002541,0.9999037664717626,0.019540064166211322
0.00025704,0.9999026428208145,0.019538902894128275
0.00026002,0.9999015036458175,0.019537725943261173
0.00026303,0.9999003527612028,0.019536537267375555
0.00026607,0.9998991901597862,0.019535336870165867
0.00026915,0.9998980120087387,0.01953412080731681
0.00027227,0.9998968182982455,0.01953288908387223
0.00027542,0.999895612845623,0.01953164565212643
0.00027861,0.9998943918152625,0.019530386569191323
0.00028184,0.9998931551970124,0.019529111840287532
0.0002851,0.9998919068104425,0.019527825416561315
0.0002884,0.9998906428170787,0.019526523356596076
0.00029174,0.9998893632064347,0.019525205665788827
0.00029512,0.9998880679679026,0.019523872349600815
0.00029854,0.9998867570907538,0.019522523413557265
0.000302,0.9998854305641379,0.019521158863247515
0.00030549,0.9998840922123698,0.019519782647397527
0.00030903,0.9998827343547301,0.01951838688509537
0.00031261,0.9998813608143591,0.019516975525673323
0.00031623,0.999879971579924,0.019515548574976397
0.00031989,0.999878566639972,0.019514106038913317
0.00032359,0.9998771459829319,0.01951264792345675
0.00032734,0.9998757057560081,0.0195111702945546
0.00033113,0.9998742497864792,0.019509677099428864
0.00033497,0.9998727742192506,0.019508164405212778
0.00033884,0.9998712867274788,0.019506640096770732
0.00034277,0.9998697757664431,0.01950509236487544
0.00034674,0.9998682490100264,0.01950352909402324
0.00035075,0.9998667064457322,0.01950195029067985
0.00035481,0.9998651442125436,0.019500352025035556
0.00035892,0.9998635622944647,0.019498734305360425
0.00036308,0.9998619606753126,0.01949709714002385
0.00036728,0.9998603431904333,0.01949544447213119
0.00037154,0.9998587021209756,0.019493768440396627
0.00037584,0.9998570451547772,0.01949207692216747
0.00038019,0.9998553684232402,0.019490365991553352
0.00038459,0.9998536719092945,0.0194886356573995
0.00038905,0.9998519517382113,0.019486881996978858
0.00039355,0.9998502156063109,0.019485112883289087
0.00039811,0.999848455779806,0.019483320462757598
0.00040272,0.9998466760983272,0.01948150867631541
0.00040738,0.9998448765438507,0.01947967753332126
0.0004121,0.999843053234605,0.019477823114699755
0.00041687,0.9998412100132517,0.0194759493598355
0.0004217,0.9998393429950856,0.019474052351175827
0.00042658,0.9998374560248479,0.019472136027044985
0.00043152,0.9998355452148454,0.01947019647144173
0.00043652,0.9998336105419505,0.019468233696389052
0.00044157,0.9998316558541078,0.019466251638574527
0.00044668,0.9998296772590226,0.019464246384391024
0.00045186,0.9998276708587877,0.019462214023136054
0.00045709,0.9998256443759789,0.01946016241433717
0.00046238,0.9998235939135295,0.019458087646871965
0.00046774,0.9998215155685808,0.01945598581261795
0.00047315,0.9998194170712322,0.019453864767236248
0.00047863,0.9998172906384455,0.01945171668266834
0.00048417,0.9998151401229673,0.019449545493176457
0.00048978,0.9998129616150875,0.019447347294215434
0.00049545,0.9998107589698539,0.019445126018873597
0.00050119,0.9998085282740128,0.019442877764456995
0.00050699,0.9998062733849834,0.019440606462844748
0.00051286,0.999803990385908,0.019438308213227874
0.0005188,0.99980167924506,0.01943598303219643
0.00052481,0.9997993399303643,0.019433630936531315
0.00053088,0.9997969763041409,0.019431255855611028
0.00053703,0.999794580545745,0.019428849980950808
0.00054325,0.9997921565152184,0.019426417243132797
0.00054954,0.9997897041791062,0.019423957659698787
0.0005559,0.9997872235036098,0.01942147124837995
0.00056234,0.9997847105516553,0.019418954118945633
0.00056885,0.9997821691883148,0.019416410199415673
0.00057544,0.9997795954723774,0.019413835601735843
0.0005821,0.9997769932715191,0.01941123425259948
0.00058884,0.9997743586403248,0.0194086022661671
0.00059566,0.9997716915375631,0.019405939664116082
0.00060256,0.9997689919215599,0.019403246468370494
0.00060954,0.9997662597501993,0.019400522701100837
0.0006166,0.9997634949809239,0.019397768384723704
0.00062373,0.9997607014896025,0.01939498744176056
0.00063096,0.9997578674762099,0.019392168195541154
0.00063826,0.9997550046534694,0.019389322368795644
0.00064565,0.9997521051336895,0.01938644218815614
0.00065313,0.9997491688663533,0.019383527680282942
0.00066069,0.9997461997287967,0.019380582767024982
0.00066834,0.9997431937449345,0.019377603578723437
0.00067608,0.999740150862661,0.01937459014293325
0.00068391,0.999737071029323,0.01937154248751827
0.00069183,0.9997339541917196,0.01936846064065084
0.00069984,0.999730800296111,0.019365344630811288
0.00070795,0.9997276053476575,0.019362190598265622
0.00071614,0.9997243771705514,0.0193590063502523
0.00072444,0.9997211038813942,0.019355780253947828
0.00073282,0.9997177972522105,0.01935252400135343
0.00074131,0.999714445385655,0.01934922596701195
0.00074989,0.9997110561141539,0.019345893953958873
0.00075858,0.9997076214730128,0.019342520229469102
0.00076736,0.9997041493021176,0.01933911259272553
0.00077625,0.9997006316265906,0.019335663316416542
0.00078524,0.9996970723336654,0.019332176317614445
0.00079433,0.9996934713564154,0.01932865163204188
0.00080353,0.9996898246623007,0.019325085420093747
0.00081283,0.9996861361433486,0.01932148159643037
0.00082224,0.9996824017609194,0.019317836324735018
0.00083176,0.9996786214382186,0.019314149646076473
0.0008414,0.9996747911230989,0.019310417731338604
0.00085114,0.9996709186839012,0.019306648365069835
0.00086099,0.9996670000693745,0.01930283771776852
0.00087096,0.9996630312175869,0.019298981965617516
0.00088105,0.9996590120402623,0.0192950811559728
0.00089125,0.9996549464353833,0.019291139200707415
0.00090157,0.9996508303308762,0.01928715228151395
0.00091201,0.9996466636358142,0.01928312044730656
0.00092257,0.9996424462583716,0.019279043747532115
0.00093325,0.9996381781058252,0.01927492223216858
0.00094406,0.9996338550841121,0.019270752094776137
0.00095499,0.9996294810937066,0.019266537246246086
0.00096605,0.9996250520331915,0.01926227388416532
0.00097724,0.9996205677978438,0.019257962065127737
0.00098855,0.9996160322934898,0.019253605697379467
0.001,0.9996114373930244,0.019249197135168542
0.0010116,0.9996067789627279,0.01924473259353203
0.0010233,0.9996020769775091,0.019240231372960156
0.0010351,0.9995973313538314,0.019235693519115193
0.0010471,0.9995925017460988,0.01923108064528007
0.0010593,0.9995875879796012,0.019226392845898777
0.0010715,0.9995826705218568,0.019221707017355136
0.0010839,0.9995776686720407,0.019216946390470734
0.0010965,0.9995725822505528,0.01921211106261983
0.0011092,0.9995674514907584,0.01920723948309577
0.001122,0.9995622763034813,0.019202331701113236
0.001135,0.9995570161202026,0.01919734944973422
0.0011482,0.9995516707540408,0.019192292830716183
0.0011614,0.999546321103871,0.019187238510229968
0.0011749,0.9995408454453136,0.019182071694975326
0.0011885,0.9995353247072343,0.019176869035253934
0.0012023,0.9995297181516709,0.019171592355623972
0.0012162,0.9995240662604382,0.01916627997300789
0.0012303,0.9995183282256472,0.01916089374982444
0.0012445,0.9995125445946977,0.01915547196793665
0.0012589,0.9995066744885358,0.019149976528360476
0.0012735,0.9995007177039524,0.019144407542924163
0.0012882,0.999494714888845,0.019138803239698562
0.0013032,0.9994885841648578,0.019133087484106494
0.0013183,0.9994824070656985,0.01912733660185164
0.0013335,0.9994761834898792,0.019121550650385632
0.001349,0.9994698313353126,0.01911565361673974
0.0013646,0.9994634323505203,0.019109721710814206
0.0013804,0.9994569453558934,0.01910371699745923
0.0013964,0.9994503701326815,0.019097639598387745
0.0014125,0.9994437476130331,0.019091527588937354
0.0014289,0.9994369953069565,0.019085305167788977
0.0014454,0.9994301953352364,0.019079048343543747
0.0014622,0.9994232650470457,0.019072681402953384
0.0014791,0.9994162867171795,0.019066280271118393
0.0014962,0.99940921888356,0.019059807168026945
0.0015136,0.9994020199199458,0.01905322440363279
0.0015311,0.9993947723382365,0.0190466077742024
0.0015488,0.9993874345492183,0.019039919569938904
0.0015668,0.999379964794723,0.019033122173916683
0.0015849,0.9993724458312451,0.019026291249136983
0.0016032,0.9993648359389848,0.019019389158162744
0.0016218,0.9993570932244835,0.0190123783593133
0.0016406,0.9993492590028873,0.01900529672172191
0.0016596,0.9993413330250257,0.01899814438759271
0.0016788,0.9993333150398855,0.018990921500451476
0.0016982,0.999325204794635,0.018983628205139685
0.0017179,0.9993169601609165,0.01897622709132877
0.0017378,0.9993086226638497,0.0189687559140649
0.0017579,0.9993001920441769,0.018961214822809463
0.0017783,0.9992916260271761,0.018953566489527212
0.0017989,0.999282966269051,0.018945848597817314
0.0018197,0.9992742125043986,0.018938061301693326
0.0018408,0.9992653223084257,0.018930167357839138
0.0018621,0.9992563374727526,0.01892220437583007
0.0018836,0.9992472577261196,0.018914172514161953
0.0019055,0.9992379981841402,0.018905997300833456
0.0019275,0.9992286853397669,0.01889779092855395
0.0019498,0.9992192342532847,0.01888947895729952
0.0019724,0.9992096444932185,0.018881061637256842
0.0019953,0.9991999156239681,0.018872539221579145
0.0020184,0.9991900897682433,0.018863949138121068
0.0020417,0.9991801666406264,0.018855291556683158
0.0020654,0.9991700606186861,0.01884649242381023
0.0020893,0.9991598565365494,0.01883762625690516
0.0021135,0.9991495113272967,0.018828656179494183
0.002138,0.9991390245351287,0.018819582460115544
0.0021627,0.9991284385862402,0.018810442358949152
0.0021878,0.9991176673018499,0.018801162140978385
0.0022131,0.9991067960432312,0.018791816028561677
0.0022387,0.9990957814560175,0.018782367311788437
0.0022646,0.999084623068088,0.018772816272328404
0.0022909,0.9990732772350893,0.018763126367371177
0.0023174,0.9990618297577628,0.018753371571979267
0.0023442,0.999050237042809,0.018743515315899614
0.0023714,0.9990384552600586,0.018733521165632133
0.0023988,0.9990265705513952,0.018723462903348583
0.0024266,0.9990144956747874,0.01871326740987044
0.0024547,0.9990022734793649,0.018702971713224683
0.0024831,0.9989899034664629,0.018692576117885974
0.0025119,0.9989773414857779,0.018682044380323164
0.002541,0.9989646305573577,0.018671413433266903
0.0025704,0.9989517701729878,0.018660683590048903
0.0026002,0.9989387159842525,0.018649818725747867
0.0026303,0.9989255111878058,0.018638855674232777
0.0026607,0.9989121552666674,0.018627794757498508
0.0026915,0.99889860367045,0.018616599972345403
0.0027227,0.9988848556811661,0.018605271761093688
0.0027542,0.9988709547386315,0.01859384682099214
0.0027861,0.998856856084936,0.018582289274956355
0.0028184,0.9988425589884112,0.01857059957820321
0.002851,0.9988281070774515,0.01855881432162388
0.002884,0.9988134553826453,0.018546897757603344
0.0029174,0.9987986031597859,0.018534850353971014
0.0029512,0.9987835496601544,0.01852267258312943
0.0029854,0.9987682941306674,0.018510364922017367
0.00302,0.998752835814024,0.018497927852072275
0.0030549,0.9987372187325467,0.018485397740763215
0.0030903,0.9987213526253791,0.018472703272181874
0.0031261,0.9987052814359,0.01845988086527336
0.0031623,0.9986890043914385,0.01844693101909414
0.0031989,0.9986725207158592,0.018433854237008742
0.0032359,0.9986558296297212,0.018420651026651066
0.0032734,0.9986388851278882,0.018407286283154755
0.0033113,0.9986217314971967,0.018393796230615607
0.0033497,0.9986043225741885,0.018380145865700533
0.0033884,0.9985867482372227,0.018366406810017607
0.0034277,0.9985688713402147,0.018352473160036124
0.0034674,0.9985507818298137,0.018338416501455172
0.0035075,0.9985324789036876,0.01832423737427972
0.0035481,0.9985139159969478,0.018309901035440272
0.0035892,0.998495092066531,0.01829540817942759
0.0036308,0.9984760060645996,0.018280759507288122
0.0036728,0.9984567029388044,0.018265990864981037
0.0037154,0.9984370897135563,0.01825103263907313
0.0037584,0.9984172574102526,0.01823595577529284
0.0038019,0.9983971589663164,0.018220725860305924
0.0038459,0.998376793315671,0.018205343625428194
0.0038905,0.998356112979037,0.018189774926936922
0.0039355,0.9983352096204849,0.018174090323689853
0.0039811,0.9983139892602615,0.018158220856874352
0.0040272,0.998292497229431,0.018142202164661104
0.0040738,0.9982707324469837,0.018126035009887274
0.004121,0.9982486469959992,0.018109685549964855
0.0041687,0.9982262864534022,0.018093189281441054
0.004217,0.9982036027244653,0.018076512486199178
0.0042658,0.9981806415539078,0.018059690563830635
0.0043152,0.9981573546683321,0.018042689922458662
0.0043652,0.9981337407116153,0.01802551153428477
0.0044157,0.9981098456861062,0.018008190649554143
0.0044668,0.9980856210481411,0.017990693869877436
0.0045186,0.9980610178938277,0.01797298803922055
0.0045709,0.9980361298512112,0.01795514252398767
0.0046238,0.9980109081034145,0.017937124124878107
0.0046774,0.9979853034680818,0.01791889989136776
0.0047315,0.9979594101170934,0.01790053885207255
0.0047863,0.9979331309581708,0.017881974164734953
0.0048417,0.9979065124385318,0.017863240843270015
0.0048978,0.9978795050019384,0.017844306219152298
0.0049545,0.9978521552815498,0.01782520519877482
0.0050119,0.9978244135332107,0.017805905258210013
0.0050699,0.9977963265801075,0.017786441193415905
0.0051286,0.9977678444902363,0.017766780626847944
0.005188,0.9977389656150333,0.017746924847026446
0.0052481,0.9977096883068799,0.017726875152526606
0.0053088,0.9976800597797705,0.017706666111336446
0.0053703,0.9976499807675379,0.017686232454377854
0.0054325,0.9976194983916822,0.017665608836524804
0.0054954,0.997588611014424,0.01764479659490636
0.005559,0.9975573170019663,0.017623797075867333
0.0056234,0.9975255653716616,0.017602578722327573
0.0056885,0.9974934036531744,0.017581175953490614
0.0057544,0.9974607806734709,0.017559557374845516
0.005821,0.9974277441723549,0.01753775728379135
0.0058884,0.9973942427875984,0.017515744450119556
0.0059566,0.9973602746161996,0.017493520496540304
0.0060256,0.9973258377616554,0.017471087057375205
0.0060954,0.9972909303347834,0.017448445778323354
0.006166,0.997255550454547,0.017425598316226597
0.0062373,0.997219746516201,0.0174025785863481
0.0063096,0.9971833658554945,0.017379291524567603
0.0063826,0.997146557422725,0.017355835562281922
0.0064565,0.9971092185322692,0.017332148136842685
0.0065313,0.99707134704373,0.017308231194506706
0.0066069,0.9970329916151318,0.01728411855030877
0.0066834,0.9969940995528971,0.017259780161343344
0.0067608,0.9969546687551821,0.01723521801186906
0.0068391,0.9969146971347532,0.01721043409891382
0.0069183,0.9968741826200518,0.017185430431961343
0.0069984,0.9968331231562549,0.01716020903263686
0.0070795,0.9967914652874619,0.017134740572544802
0.0071614,0.996749309727295,0.01710908990489684
0.0072444,0.9967064999023708,0.017083165256221052
0.0073282,0.9966631884099628,0.01705706252704371
0.0074131,0.9966192180821615,0.017030690481219732
0.0074989,0.996574690248603,0.017004113596077078
0.0075858,0.9965294988872058,0.016977272287697135
0.0076736,0.9964837458031234,0.016950230710957914
0.0077625,0.9964373245995635,0.01692292966111412
0.0078524,0.9963902851856963,0.016895402388490036
0.0079433,0.9963426254429055,0.01686765131209416
0.0080353,0.9962942906921309,0.01683964847068876
0.0081283,0.9962453312548909,0.016811426883322374
0.0082224,0.9961956923041013,0.016782958798704343
0.0083176,0.9961453715320756,0.01675424696400799
0.008414,0.9960943136500368,0.01672526412273116
0.0085114,0.9960426223543748,0.016696073181162917
0.0086099,0.9959902425410073,0.016666646815129284
0.0087096,0.995937118721904,0.01663695809598045
0.0088105,0.9958832484708626,0.016607010129522613
0.0089125,0.9958286829559372,0.01657683557133653
0.0090157,0.9957733665072532,0.016546407826762106
0.0091201,0.9957172968410987,0.0165157300456028
0.0092257,0.9956604717251142,0.01648480539188489
0.0093325,0.9956028889801364,0.01645363704324151
0.0094406,0.995544492409175,0.016422199159001886
0.0095499,0.9954853338101094,0.01639052417880476
0.0096605,0.9954253568953916,0.01635858649437736
0.0097724,0.9953645594092533,0.016326389646120636
0.0098855,0.9953029936472,0.01629396580497908
0.01,0.9952405486163486,0.016261261202637916
0.010116,0.9951771672669953,0.01622825133508193
0.010233,0.995113120964963,0.01619508192224474
0.010351,0.9950484087082474,0.016161755605006916
0.010471,0.9949824796536578,0.01612799421960057
0.010593,0.9949153299542894,0.016093803684988278
0.010715,0.9948480596471811,0.016059747161198696
0.010839,0.9947795652450038,0.01602526900550452
0.010965,0.9947098431966167,0.01599037520771357
0.011092,0.9946394448633799,0.01595534704993386
0.01122,0.9945683697965721,0.015920187203194363
0.01135,0.9944960609286797,0.01588462534809379
0.011482,0.9944225151540533,0.01584866757770332
0.011614,0.9943488466163211,0.015812861381552846
0.011749,0.9942733795631781,0.01577639738724271
0.011885,0.9941972292818737,0.01573982195498462
0.012023,0.9941198346091676,0.015702870578701456
0.012162,0.9940417552489081,0.015665815458187616
0.012303,0.9939624284803291,0.015628394454853155
0.012445,0.9938824160175306,0.015590877414428697
0.012589,0.9938011536388083,0.015553004587642413
0.012735,0.9937186394480079,0.015514782242615498
0.012882,0.993635438121258,0.015476476644678364
0.013032,0.9935504160989514,0.015437572937019745
0.013183,0.9934647055933885,0.015398596159037953
0.013335,0.9933783077488002,0.015359548941993864
0.01349,0.9932900846777896,0.015319923849866829
0.013646,0.9932011738322511,0.015280238528778686
0.013804,0.9931110056836674,0.015240243071229832
0.013964,0.9930195796926666,0.015199943852922197
0.014125,0.9929274679888621,0.0151595972242908
0.014289,0.9928335261730111,0.015118708375415553
0.014454,0.9927388999010147,0.015077782345618318
0.014622,0.9926424424450104,0.01503632946947104
0.014791,0.9925453025499836,0.014994849642583635
0.014962,0.9924469070326658,0.014953101879334942
0.015136,0.9923466804442311,0.014910850419409982
0.015311,0.9922457759100957,0.014868587328792428
0.015488,0.9921436190174262,0.014826075533569363
0.015668,0.9920396333375154,0.014783083259567892
0.015849,0.9919349760456717,0.01474009460817521
0.016032,0.9918290717051679,0.014696876462469123
0.016218,0.9917213431328027,0.014653201071648607
0.016406,0.9916123713348545,0.014609311672822766
0.016596,0.9915021590939156,0.014565214650268811
0.016788,0.9913907094377711,0.014520916375241746
0.016982,0.9912780256415399,0.014476423204405151
0.017179,0.9911635298659905,0.014431514203140464
0.017378,0.9910478066245374,0.014386425745014838
0.017579,0.9909308600268172,0.014341164144866199
0.017783,0.9908121122148188,0.014295512612298125
0.017989,0.9906921495738138,0.014249703311324698
0.018197,0.9905709770723276,0.014203742496853132
0.018408,0.9904480171077454,0.014157417553740845
0.018621,0.9903238577173804,0.014110956365209228
0.018836,0.9901985047477534,0.014064365108958556
0.019055,0.9900707979608601,0.014017220815008289
0.019275,0.9899424931029132,0.01397017756766504
0.019498,0.989812430573465,0.01392281378606272
0.019724,0.9896806174146907,0.01387513985135232
0.019953,0.9895470611330237,0.013827166132244864
0.020184,0.9894123528145194,0.013779110283688676
0.020417,0.9892765005678713,0.013730978242624014
0.020654,0.9891383470715579,0.01368236713977932
0.020893,0.9889990674017377,0.013633697448934608
0.021135,0.9888580882356334,0.013584773542790507
0.02138,0.9887154197310482,0.013535605605540504
0.021627,0.9885716544278053,0.01348640224700337
0.021878,0.9884256393344888,0.013436775161628256
0.022131,0.9882785494582171,0.013387129844228036
0.022387,0.9881298149011936,0.013337277841512231
0.022646,0.9879794481529613,0.013287229113563484
0.022909,0.9878268823440239,0.013236802582767321
0.023174,0.9876732911803844,0.01318639158052044
0.023442,0.9875181082917018,0.013135813415575948
0.023714,0.9873607699983884,0.013084891363871289
0.023988,0.9872024481900546,0.013034009529081327
0.024266,0.9870420027695707,0.012982806117975866
0.024547,0.986880027942939,0.01293147713152857
0.024831,0.9867165402648811,0.012880032037718137
0.025119,0.9865509823407482,0.01282830136816388
0.02541,0.986383947881565,0.012776476347739553
0.025704,0.9862154550309891,0.012724566210136748
0.026002,0.9860449507357311,0.012672405832430367
0.026303,0.9858730277944726,0.01262018160907004
0.026607,0.985699705916453,0.012567902511717568
0.026915,0.9855244367787726,0.012515407746179888
0.027227,0.9853472444819247,0.012462710698764442
0.027542,0.9851687200119044,0.012409991257610605
0.027861,0.9849883203126454,0.012357092942312745
0.028184,0.984806071565258,0.01230402884044687
0.02851,0.9846225629159597,0.012250973908672308
0.02884,0.9844372569737707,0.012197775958190788
0.029174,0.9842501819568125,0.01214444774117592
0.029512,0.9840613668016347,0.012091001891335414
0.029854,0.9838708411566253,0.01203745091949145
0.0302,0.9836786353747479,0.011983807209317061
0.030549,0.98348533354465,0.011930235743795202
0.030903,0.9832898596100785,0.011876441638087758
0.031261,0.9830928006898025,0.0118225911430564
0.031623,0.9828941898695153,0.01176869609463771
0.031989,0.9826940608936691,0.01171476818264897
0.032359,0.9824924481545,0.011660818947466341
0.032734,0.982288844731003,0.011606716267241675
0.033113,0.9820838322979384,0.011552617945116197
0.033497,0.9818769094653904,0.011498394601381395
0.033884,0.981669191025099,0.011444339550302171
0.034277,0.9814591077538427,0.01139004677440463
0.034674,0.9812477737744757,0.011335807708115299
0.035075,0.9810352281321182,0.011281632722810126
0.035481,0.9808209839008195,0.011227399191729652
0.035892,0.9806050884616935,0.011173121677099199
0.036308,0.9803875900316856,0.011118814540340399
0.036728,0.9801690566861224,0.011064620216737814
0.037154,0.9799484975675388,0.011010294582781842
0.037584,0.979726998652149,0.010956106428837915
0.038019,0.979504092088364,0.010901940997589078
0.038459,0.9792798297998613,0.010847811589811946
0.038905,0.9790537589513307,0.010793610497295752
0.039355,0.9788269466874393,0.010739593619781636
0.039811,0.97859843905445,0.01068553348308953
0.040272,0.9783687963120178,0.010631563234142048
0.040738,0.9781380738611699,0.010577694997117996
0.04121,0.9779058372179126,0.010523827259231832
0.041687,0.9776726397307507,0.01047008797650431
0.04217,0.9774380545655456,0.010416378046631447
0.042658,0.9772026300889637,0.010362821967465949
0.043152,0.9769659472221741,0.010309323012430953
0.043652,0.9767280749535147,0.010255896094881287
0.044157,0.9764895535990075,0.010202660534637462
0.044668,0.9762499759761832,0.010149523094284404
0.045186,0.9760089494903882,0.010096395956802607
0.045709,0.9757674763534883,0.010043497975996485
0.046238,0.9755251616288714,0.009990739302645775
0.046774,0.9752816255215095,0.00993803542181569
0.047315,0.9750378500121387,0.009885595789186052
0.047863,0.974793007690264,0.009833239012179666
0.048417,0.9745476253243949,0.009781074869482586
0.048978,0.9743013405388956,0.009729023090266818
0.049545,0.9740546733712127,0.009677190010363943
0.050119,0.9738072702930154,0.009625497411276804
0.050699,0.9735596442137839,0.009574048207644561
0.051286,0.9733114504743737,0.009522766194133139
0.05188,0.9730627779218359,0.009471665525869019
0.052481,0.9728137158191698,0.009420759980468499
0.053088,0.9725647617791693,0.009370145685566184
0.053703,0.9723151854110008,0.00931966889480318
0.054325,0.9720654891951,0.009269426287145981
0.054954,0.9718157635231236,0.009219430115758872
0.05559,0.9715660989336623,0.009169692251040463
0.056234,0.9713162002816857,0.00912014787947547
0.056885,0.971066553166345,0.009070886920977938
0.057544,0.9708168717941167,0.009021846272681497
0.05821,0.9705676327620277,0.008973112515039704
0.058884,0.9703185595633561,0.008924624217266317
0.059566,0.9700697569375606,0.008876394550225573
0.060256,0.9698213296129082,0.008828436244278468
0.060954,0.9695733822392195,0.008780761589700087
0.06166,0.9693260193209543,0.008733382437590247
0.062373,0.9690796881835317,0.008686375543417706
0.063096,0.9688334637432836,0.008639555858085023
0.063826,0.9685884787702507,0.008593129951788145
0.064565,0.9683441653975228,0.008546980716126558
0.065313,0.9681006415513995,0.008501121232448785
0.066069,0.9678583427723739,0.008455623712694748
0.066834,0.9676170580234101,0.00841043841099621
0.067608,0.9673769038614338,0.008365576972212026
0.068391,0.9671379962684394,0.008321050557182304
0.069183,0.9669004505747409,0.00827686984602323
0.069984,0.9666643813833734,0.008233045041928816
0.070795,0.9664296156407614,0.008189532747529022
0.071614,0.966196845255189,0.008146449522666162
0.072444,0.9659653375357771,0.008103647874495712
0.073282,0.9657360482302744,0.008061292364634341
0.074131,0.9655082744412532,0.008019240701422528
0.074989,0.9652826775874388,0.00797760232882731
0.075858,0.9650588555209901,0.007936290038234125
0.076736,0.9648374458639428,0.007895408273195076
0.077625,0.9646180654640157,0.00785487275250744
0.078524,0.9644010890386429,0.007814738868269916
0.079433,0.9641866349681185,0.007775014475715859
0.080353,0.9639745923356186,0.00773566463935105
0.081283,0.9637653150509164,0.007696740398568103
0.082224,0.9635586998484339,0.007658207657599956
0.083176,0.963354874956407,0.007620075028095495
0.08414,0.9631537609140294,0.007582311864883063
0.085114,0.9629558995330129,0.007545004088075666
0.086099,0.9627612020335609,0.00750811916497778
0.087096,0.962569599523508,0.007471627499950181
0.088105,0.962381226892429,0.007435537680210811
0.089125,0.9621963953037403,0.007399892288779171
0.090157,0.9620150457338857,0.0073646626861261204
0.091201,0.9618373062386242,0.007329855892007753
0.092257,0.9616633024330431,0.007295478413025943
0.093325,0.9614931574141089,0.007261536253756792
0.094406,0.9613268405508554,0.007228004284769054
0.095499,0.9611646317000186,0.007194919671791276
0.096605,0.9610065056676262,0.007162257779607208
0.097724,0.9608525909662509,0.007130024846214473
0.098855,0.9607031425937949,0.007098254334242218
0.1,0.9605580188000773,0.007066895295194357
0.10116,0.9604172364793125,0.007035928203723352
0.10233,0.9602815106649022,0.00700548976931174
0.10351,0.9601509063764153,0.0069755777696097546
0.10471,0.9600244584349429,0.006945946047294128
0.10593,0.9599023845244495,0.006916611113557935
0.10715,0.9597867411649172,0.006888050522522156
0.10839,0.9596756843560907,0.006859792348010469
0.10965,0.9595694195684822,0.006831851125577435
0.11092,0.9594689133055287,0.006804453337779848
0.1122,0.9593742071934103,0.00677759431598212
0.1135,0.959284676639915,0.006751068055241385
0.11482,0.9592005094962337,0.006724886502864261
0.11614,0.9591230122852531,0.006699440863364579
0.11749,0.9590505263499151,0.0066741552329372235
0.11885,0.9589842995908407,0.006649414455266146
0.12023,0.9589239390041575,0.00662503812395684
0.12162,0.9588699720312606,0.006601204085656096
0.12303,0.9588220957918193,0.0065777416308814545
0.12445,0.9587807312768142,0.006554817643725299
0.12589,0.958745663912203,0.006532270756020383
0.12735,0.9587170373468396,0.006510107903415559
0.12882,0.958695115368086,0.006488480250131391
0.13032,0.9586797322669433,0.0064670993813476345
0.13183,0.9586712206797807,0.006446255796078076
0.13335,0.9586695650971069,0.006425941105399532
0.1349,0.958674860153584,0.006405892500024283
0.13646,0.9586871488819168,0.006386372791226492
0.13804,0.958706548787741,0.006367254194497995
0.13964,0.9587331597683648,0.006348539940751241
0.14125,0.9587668452802499,0.006330343884287905
0.14289,0.9588081121888802,0.006312442399058956
0.14454,0.9588565406081616,0.006295055917575393
0.14622,0.9589127941306157,0.006277975296375358
0.14791,0.9589762746439738,0.006261405219632692
0.14962,0.9590473625129231,0.006245243219213526
0.15136,0.9591265928396747,0.006229400634868005
0.15311,0.9592131089166004,0.0062140598670573305
0.15488,0.9593073950039946,0.006199128193045432
0.15668,0.9594100830559513,0.0061845258190746325
0.15849,0.9595200687921218,0.006170414399283402
0.16032,0.959637935421502,0.006156710398965415
0.16218,0.9597644064394351,0.006143342362607876
0.16406,0.9598988743936114,0.00613038519833845
0.16596,0.9600413521857202,0.0061178371693205195
0.16788,0.9601918473087548,0.006105696330989979
0.16982,0.9603503619309105,0.006093960544248317
0.17179,0.9605177587347771,0.006082570984616051
0.17378,0.9606932269354208,0.006071586822872372
0.17579,0.960876751142976,0.006061005215267295
0.17783,0.9610692697570042,0.006050774244863809
0.17989,0.9612698579842418,0.006040944522382215
0.18197,0.961478483700533,0.0060315126250922125
0.18408,0.9616961557762581,0.006022433126834592
0.18621,0.9619218423296451,0.006013748749945317
0.18836,0.9621554954825356,0.006005455606551812
0.19055,0.9623993156770407,0.005997478987943098
0.19275,0.9626499439405661,0.00598992716528134
0.19498,0.9629095945241622,0.0059827271083839235
0.19724,0.9631782732270442,0.005975880402167722
0.19953,0.9634559779218406,0.005969388292069106
0.20184,0.9637414515045033,0.005963277221320531
0.20417,0.9640346100727126,0.005957542331403109
0.20654,0.9643379473405257,0.005952134877379274
0.20893,0.9646488744226268,0.0059471007543889474
0.21135,0.9649686246726906,0.005942416277198036
0.2138,0.9652971552022405,0.005938081207244485
0.21627,0.9656330470627214,0.00593411033906155
0.21878,0.9659789639771965,0.00593047082796653
0.22131,0.966332087972892,0.005927190817570193
0.22387,0.9666937206339554,0.00592425398543257
0.22646,0.967063788176808,0.005921659085681101
0.22909,0.9674436626803604,0.005919396769164528
0.23174,0.9678303691309528,0.005917482586416389
0.23442,0.9682252528788191,0.005915905434876351
0.23714,0.9686297105636551,0.0059146594070666365
0.23988,0.9690406655608423,0.0059137515169656344
0.24266,0.9694610088515371,0.005913172790163372
0.24547,0.9698891328434474,0.0059129246574597455
0.24831,0.9703249187725443,0.0059130044766019674
0.25119,0.9707697930027622,0.005913411449222696
0.2541,0.9712220969964593,0.0059141428941080045
0.25704,0.971681697284855,0.00591519572588598
0.26002,0.9721500321084354,0.005916571883834556
0.26303,0.9726253997760899,0.00591826494462386
0.26607,0.9731076540869266,0.005920271449747793
0.26915,0.973598241487691,0.005922595869355885
0.27227,0.974097026235344,0.005925237299519761
0.27542,0.9746022598686989,0.005928184805487553
0.27861,0.9751153917715463,0.005931445108747307
0.28184,0.9756362696126595,0.005935016698909344
0.2851,0.9761631178127174,0.005938885589593214
0.2884,0.9766973855133029,0.005943060574717825
0.29174,0.9772389060680022,0.005947539607899129
0.29512,0.9777875080024329,0.005952320454041251
0.29854,0.9783430152807524,0.005957400696978528
0.302,0.9789052475719882,0.005962777746892673
0.30549,0.9794723955693823,0.005968432322373897
0.30903,0.9800475217199879,0.00597439393002484
0.31261,0.9806288092901155,0.005980643626837014
0.31623,0.9812160633993874,0.005987178197829129
0.31989,0.9818090861813971,0.0059939942882172945
0.32359,0.9824076770377036,0.006001088409576834
0.32734,0.9830132461019113,0.006008476905287329
0.33113,0.9836239674831806,0.006016137073509167
0.33497,0.9842412378349578,0.006024085935089907
0.33884,0.9848616313955579,0.006032278048225996
0.34277,0.9854897371283255,0.006040773409708008
0.34674,0.9861221284966009,0.006049525799923911
0.35075,0.98675858875584,0.006058530780784059
0.35481,0.9874004782270658,0.006067806864178937
0.35892,0.9880475585294138,0.006077350534247314
0.36308,0.9886995885365591,0.006087158089772127
0.36728,0.9893547685716376,0.006097201575770745
0.37154,0.9900159731696462,0.006107524782042654
0.37584,0.9906798513394783,0.006118075066649628
0.38019,0.9913477111858013,0.006128872185325939
0.38459,0.9920193033818591,0.0061399116674289095
0.38905,0.9926958897896678,0.006151214361400996
0.39355,0.9933741849268017,0.006162724818073627
0.39811,0.9940569510514108,0.006174489278337816
0.40272,0.9947424230075939,0.006186477226716706
0.40738,0.9954303479028199,0.0061986834942913335
0.4121,0.9961219327414782,0.006211129252299362
0.41687,0.9968154428498994,0.006223782972225045
0.4217,0.9975120623601605,0.006236665870481955
0.42658,0.9982100795389425,0.006249745839652048
0.43152,0.9989106555226601,0.006263044112335203
0.43652,0.9996135031179755,0.006276555157693232
0.44157,1.0003169487249262,0.0062902461415708525
0.44668,1.0010221184090748,0.006304138249467767
0.45186,1.0017300869424628,0.006318252831580371
0.45709,1.0024378362627135,0.00633252932725804
0.46238,1.0031464565810102,0.006346988781636368
0.46774,1.0038569847198966,0.006361652272659388
0.47315,1.0045664891542438,0.006376458683816304
0.47863,1.0052773142220932,0.006391456237471665
0.48417,1.005987864700192,0.006406610955475854
0.48978,1.006699126783349,0.006421943458971285
0.49545,1.0074095384017363,0.006437419584160227
0.50119,1.008120060489405,0.006453059687096732
0.50699,1.0088291658396205,0.006468829499596965
0.51286,1.0095377903861689,0.006484749102644557
0.5188,1.0102456271792095,0.006500811200103822
0.52481,1.010952372059006,0.006517008401466614
0.53088,1.011656571710398,0.006533306434814633
0.53703,1.0123602486652974,0.006549751458551756
0.54325,1.013061940459393,0.006566308954551937
0.54954,1.0137613564097545,0.0065829712507688674
0.5559,1.014458209730956,0.00659973062855813
0.56234,1.0151532888506536,0.006616605458377584
0.56885,1.015845211250161,0.006633561507581354
0.57544,1.0165347407954222,0.006650616743173259
0.5821,1.0172205366158678,0.006667737177111413
0.58884,1.017903338501418,0.006684940379373509
0.59566,1.018582836241491,0.00670221791721726
0.60256,1.0192587244487294,0.006719561331220391
0.60954,1.0199307027574778,0.006736962146422615
0.6166,1.0205984760097837,0.0067544118833666724
0.62373,1.021260833893864,0.0067718776850396005
0.63096,1.0219202537813015,0.006789424247613631
0.63826,1.0225736955247635,0.006806969991239973
0.64565,1.023222676688805,0.006824554583760755
0.65313,1.0238668797032326,0.006842168936678457
0.66069,1.0245051572897295,0.006859780817556725
0.66834,1.0251380739944724,0.006877404889339959
0.67608,1.0257653310732477,0.006895032190384186
0.68391,1.0263866363670981,0.006912653819839207
0.69183,1.0270017044456636,0.0069302609498757915
0.69984,1.027610256737374,0.006947844837727089
0.70795,1.028212756175991,0.006965418363687833
0.71614,1.0288074524397066,0.006982929648619087
0.72444,1.0293962416408038,0.007000433972748553
0.73282,1.0299767206106125,0.0070178593306282925
0.74131,1.0305507001681675,0.007035259494733221
0.74989,1.031116543517481,0.007052584561696278
0.75858,1.0316752930344912,0.007069866147452356
0.76736,1.0322253940135664,0.007087055873385701
0.77625,1.0327678390442256,0.007104184462149453
0.78524,1.0333017410825711,0.007121223930271906
0.79433,1.0338268560915946,0.007138166226347636
0.80353,1.0343435018864975,0.007155021671862471
0.81283,1.0348508655496236,0.007171763846979635
0.82224,1.0353492500464259,0.00718840288523401
0.83176,1.035838397717709,0.00720493067878009
0.8414,1.0363185502304573,0.007221356249973278
0.85114,1.0367884719658276,0.007237637929217508
0.86099,1.0372484384728358,0.007253785603880094
0.87096,1.0376986724500583,0.007269808160225952
0.88105,1.0381389161734087,0.0072856979087556565
0.89125,1.0385685081522933,0.00730143221096182
0.90157,1.0389876540229868,0.007317019930500707
0.91201,1.0393961253795052,0.0073324543630604415
0.92257,1.039793703715516,0.007347729158416891
0.93325,1.0401801804111286,0.007362838332408189
0.94406,1.0405556969047074,0.00737778995273315
0.95499,1.0409196955170716,0.007392564501454172
0.96605,1.0412723093171863,0.007407170217727955
0.97724,1.0416133273688162,0.007421601776123025
0.98855,1.0419422653662687,0.007435841848695714
1.0,1.0422595150439384,0.007449911173018097
1.0116,1.0425651126383595,0.007463816699382914
1.0233,1.0428575922681442,0.007477495421406647
1.0351,1.0431369150552818,0.0074909469323497105
1.0471,1.0434052203438597,0.007504280929326147
1.0593,1.043662096581769,0.007517489371540852
1.0715,1.0439033217026061,0.00753035673271946
1.0839,1.0441328487986492,0.00754309545328466
1.0965,1.0443503072002212,0.0075556993319105354
1.1092,1.0445538011127864,0.007568066814301522
1.122,1.0447433553141021,0.007580200870490999
1.135,1.0449203025773888,0.007592195915415194
1.1482,1.045084327926952,0.007604048433256484
1.1614,1.0452329955474866,0.007615583295051236
1.1749,1.0453695708487871,0.007627064128966796
1.1885,1.0454917550614204,0.007638319393354016
1.2023,1.045600355926228,0.007649434594176016
1.2162,1.0456945048535515,0.0076603324942917635
1.2303,1.0457748092196426,0.007671095466445622
1.2445,1.0458406381642804,0.007681651702107022
1.2589,1.0458924052004928,0.007692080723346315
1.2735,1.0459299155572375,0.007702385523282025
1.2882,1.0459528826309323,0.007712501958238531
1.3032,1.045961451938859,0.007722572252183859
1.3183,1.0459553538728967,0.0077324674304837795
1.3335,1.0459347350858645,0.007742198218318775
1.349,1.0458991943450031,0.0077518994473043
1.3646,1.045849071211459,0.007761453418280545
1.3804,1.0457840759346784,0.007770931620289824
1.3964,1.0457041145433208,0.0077803430314837795
1.4125,1.0456097347211288,0.007789640156942418
1.4289,1.045499694044561,0.007798948907603319
1.4454,1.0453752740469684,0.007808166785902506
1.4622,1.0452349206679354,0.007817417382584535
1.4791,1.0450802678331046,0.0078266029920005
1.4962,1.044910493542629,0.007835792070639266
1.5136,1.0447244753933875,0.007845051246377565
1.5311,1.0445243474815868,0.007854288420397378
1.5488,1.0443090835207103,0.007863571880838839
1.5668,1.044077376404149,0.00787296911792517
1.5849,1.0438318265432562,0.00788239167740402
1.6032,1.0435712157802512,0.007891908226125939
1.6218,1.0432940646049451,0.007901587641414586
1.6406,1.0430018199022322,0.007911395364370457
1.6596,1.042694546341051,0.007921349198627168
1.6788,1.0423723164103316,0.007931467250179467
1.6982,1.0420352100533488,0.00794176788122538
1.7179,1.04168149050635,0.007952323514828078
1.7378,1.0413129645129138,0.007963100255405108
1.7579,1.0409297370613464,0.007974117190566317
1.7783,1.0405299332739648,0.007985449403214256
1.7989,1.040115553787622,0.007997061799964482
1.8197,1.039686725011685,0.008008973689326498
1.8408,1.0392414440540862,0.008021263013912537
1.8621,1.0387818878663864,0.008033892200632992
1.8836,1.038308200624463,0.008046880242184525
1.9055,1.037815991981715,0.008060370258637187
1.9275,1.0373120941803373,0.008074197809530753
1.9498,1.0367920879242634,0.008088506849537309
1.9724,1.0362560160132377,0.008103319233284107
1.9953,1.0357039314752774,0.008118656619238569
2.0184,1.0351383637319627,0.008134471161514311
2.0417,1.0345594913515623,0.008150779192008586
2.0654,1.0339624214428136,0.008167741066268067
2.0893,1.0333522749991517,0.008185233447141064
2.1135,1.0327266391956478,0.008203346273870581
2.138,1.0320856105092144,0.008222098038172445
2.1627,1.031431953116907,0.008241427352810898
2.1878,1.0307604827725734,0.008261507613559057
2.2131,1.0300766624710544,0.00828219478024871
2.2387,1.0293779482562813,0.00830358295794656
2.2646,1.028664461920417,0.008325686102781367
2.2909,1.0279335385543733,0.008348605129075516
2.3174,1.0271908671917365,0.008372177476719096
2.3442,1.0264338138419264,0.008396499910268014
2.3714,1.025659658042968,0.008421675157744576
2.3988,1.0248742312572587,0.00844752609023937
2.4266,1.0240719428164586,0.008474248028039467
2.4547,1.0232557937091182,0.008501752769901692
2.4831,1.0224259294029392,0.008530044169313576
2.5119,1.0215795489972705,0.008559226838093372
2.541,1.0207197144892766,0.008589202946157852
2.5704,1.0198465741245815,0.008619971969292052
2.6002,1.0189572842893375,0.00865163899548521
2.6303,1.0180549560128913,0.00868409666081088
2.6607,1.0171397362880474,0.008717340008748025
2.6915,1.0162087416195313,0.008751474219306431
2.7227,1.0152620814237052,0.008786495734881182
2.7542,1.0143029165047137,0.008822285040246552
2.7861,1.013328327796685,0.008858946955309794
2.8184,1.0123384250164251,0.008896473126422645
2.851,1.011336395609288,0.00893473565932397
2.884,1.0103192865488826,0.008973838800026335
2.9174,1.009287203633958,0.009013769726990363
2.9512,1.0082402509848922,0.00905451416907033
2.9854,1.0071785305840786,0.009096056466460277
3.02,1.0061021418334881,0.009138379638716252
3.0549,1.0050143010520278,0.00918134199226146
3.0903,1.0039088668706744,0.009225170397124564
3.1261,1.0027890425447796,0.009269721660882491
3.1623,1.0016549131181585,0.009314974324911955
3.1989,1.0005065591188076,0.009360906038002999
3.2359,0.999344056229871,0.009407493655723957
3.2734,0.9981643271077393,0.009454839746517563
3.3113,0.9969705773807468,0.009502793958069125
3.3497,0.9957597120973947,0.00955145798523654
3.3884,0.9945380920008677,0.009600552835775645
3.4277,0.9932962905998877,0.00965043328170776
3.4674,0.9920406600757321,0.00970081943499248
3.5075,0.9907712357751005,0.009751684998966647
3.5481,0.9894848763353062,0.009803130391819848
3.5892,0.9881815951951775,0.00985512892808405
3.6308,0.9868613989395315,0.009907653877656875
3.6728,0.9855274642567621,0.009960552817981498
3.7154,0.9841734310455523,0.010014051256181105
3.7584,0.982805640532058,0.010067872031125299
3.8019,0.9814208918446051,0.010122115412503081
3.8459,0.9800191533152596,0.010176756454886747
3.8905,0.9785971955367255,0.010231894221908759
3.9355,0.977161346631364,0.010287257934032384
3.9811,0.9757051680342703,0.010343070966717946
4.0272,0.9742317834564651,0.0103991882549963
4.0738,0.9727411183076828,0.010455589148067913
4.121,0.9712298858703372,0.010512374090935805
4.1687,0.969701190799902,0.010569403365929214
4.217,0.9681517216701947,0.010626778347465027
4.2658,0.9665845704916224,0.010684363384065015
4.3152,0.9649964002510737,0.010742260975646898
4.3652,0.9633870702075124,0.01080045582514227
4.4157,0.9617596540964346,0.01085881890894847
4.4668,0.9601107747103751,0.010917454646506668
4.5186,0.9584370279826122,0.010976465656730949
4.5709,0.9567446952622662,0.011035614709402675
4.6238,0.9550303567200402,0.011095008252426123
4.6774,0.9532905628524228,0.011154750939564279
4.7315,0.9515315942681227,0.011214614906539777
4.7863,0.9497467269261042,0.011274817943654088
4.8417,0.9479389779944373,0.011335246832229992
4.8978,0.946104833808586,0.011396008611509127
4.9545,0.9442473030391128,0.011456994143642669
5.0119,0.9423628384663442,0.011518311286439351
5.0699,0.94045444216136,0.011579854491484062
5.1286,0.9385185327943694,0.011641732004102208
5.188,0.9365547979223738,0.011703945624422446
5.2481,0.9345629147102282,0.011766497718427839
5.3088,0.9325458775870172,0.011829287889008184
5.3703,0.9304966980768404,0.011892525896061594
5.4325,0.9284183422554937,0.011956110786862328
5.4954,0.9263104483478745,0.012020045034546404
5.559,0.9241726455984661,0.012084330510262423
5.6234,0.9220011773945765,0.012149068452437458
5.6885,0.9197990111119275,0.012214157337142184
5.7544,0.9175623502576062,0.012279694681739025
5.821,0.9152941666718598,0.012345576754265163
5.8884,0.9129906239940806,0.01241189603866291
5.9566,0.9106512651763368,0.012478642786725178
6.0256,0.9082756246003291,0.012545804348562985
6.0954,0.9058632285261272,0.012613364780568449
6.166,0.9034135955555911,0.012681304448999257
6.2373,0.9009297278869686,0.012749504278012474
6.3096,0.8984006579133695,0.012818222124137923
6.3826,0.8958363565009444,0.012887138844304983
6.4565,0.8932292902400362,0.012956404831673131
6.5313,0.8905788998761415,0.013025973880521893
6.6069,0.8878881864852802,0.013095701645746428
6.6834,0.8851530433194311,0.013165622449161196
6.7608,0.8823728934309095,0.01323567016440359
6.8391,0.8795471547745397,0.013305771236165293
6.9183,0.8766752408142289,0.013375844353612321
6.9984,0.8737565611349767,0.013445800158638692
7.0795,0.8707868511852267,0.013515626442854712
7.1614,0.8677728379110068,0.013585044753935625
7.2444,0.8647028538793062,0.013654192091964449
7.3282,0.8615873665328876,0.013722692334006184
7.4131,0.8584145914667011,0.013790655073424325
7.4989,0.8551913417020327,0.013857772827970665
7.5858,0.8519094410924324,0.013924044929605662
7.6736,0.8485757799381818,0.01398915247007983
7.7625,0.8451821013158564,0.014053067951731972
7.8524,0.8417315293194179,0.014115531270911032
7.9433,0.8382234029068489,0.014176349044909291
8.0353,0.8346531718487588,0.01423538265793945
8.1283,0.8310240282253921,0.014292354711598202
8.2224,0.8273313838890326,0.014347106107003304
8.3176,0.8235745235100494,0.014399405601033245
8.414,0.8197487555282426,0.014449066249815705
8.5114,0.8158613096955695,0.014495744053864836
8.6099,0.8119075264460477,0.014539248870964666
8.7096,0.8078826609802485,0.014579374749362512
8.8105,0.8037859537842212,0.014615866303438212
8.9125,0.7996207468365006,0.014648441122799354
9.0157,0.7953822458977228,0.014676890777459596
9.1201,0.7910697130408288,0.014700977310354607
9.2257,0.7866824189042829,0.014720475121213526
9.3325,0.7822196434522464,0.01473517512356759
9.4406,0.7776764618808573,0.014744896068310491
9.5499,0.7730563412545803,0.014749460471760263
9.6605,0.768354330049322,0.014748736746507127
9.7724,0.7635696790318236,0.014742621750480802
9.8855,0.7587059640365013,0.014731072959892014
10.0,0.7537538608075312,0.014714072174031893
10.116,0.7487082236380146,0.014691654497446301
10.233,0.7435901428217788,0.014664073372500456
10.351,0.7383991612076238,0.014631608141389389
10.471,0.7330904753287183,0.014594312447023063
10.593,0.7276629163085083,0.014552597410265935
10.715,0.7222050537694475,0.014507797901423392
10.839,0.716627026581448,0.014459993516043558
10.965,0.7109277205431205,0.014410137069519312
11.092,0.7051516452602304,0.01435982673384862
11.22,0.699298469572656,0.01431050626319077
11.35,0.6933217837613984,0.01426351952275654
11.482,0.6872205573974847,0.014220961889925244
11.614,0.6810869627582898,0.014185786542136628
11.749,0.6747809854289647,0.01415995930285689
11.885,0.6683950880735445,0.01414712984080535
12.023,0.6618817487618357,0.014150787330436863
12.162,0.6552876219545265,0.014174882600757596
12.303,0.6485647504890727,0.014223981738115038
12.445,0.6417603207268306,0.014302476993652507
12.589,0.6348259477366822,0.014415995981139521
12.735,0.627760837210318,0.014570245069886663
12.882,0.6206129674908614,0.014769654086801639
13.032,0.6132843567885675,0.015022980368792755
13.183,0.6058720177178712,0.015332843806930513
13.335,0.598375968570208,0.015703946891720732
13.49,0.5906969402706297,0.016146710475932437
13.646,0.5829334111154572,0.016660550449686087
13.804,0.5750353793238229,0.017252761902386657
13.964,0.5670023079979499,0.0179274840255467
14.125,0.5588842264013065,0.01868339072131289
14.289,0.5505798225346462,0.01953296484088696
14.454,0.5421899357293217,0.020468468527830054
14.622,0.5336124778219196,0.02150346237422745
14.791,0.524949201644954,0.022627515583392266
14.962,0.5161488303184326,0.023848178898986334
15.136,0.5071593149145119,0.025174769900548215
15.311,0.49808373653823373,0.026593373291311617
15.488,0.4888703195922119,0.028112643565920716
15.668,0.479466554528432,0.029743130046071202
15.849,0.46997679514559526,0.03146798961353373
16.032,0.4603487955964648,0.03329736582688101
16.218,0.4505296174439923,0.03524333942011356
16.406,0.44057177127617964,0.037297608344587396
16.596,0.43047528483048697,0.039461720769580474
16.788,0.42024022350540235,0.04173731698595781
16.982,0.4098666900878038,0.04412613013665337
17.179,0.3993011135074186,0.04664299099927199
17.378,0.38859707267397525,0.04927773232451483
17.579,0.37775479324357575,0.052032353959671
17.783,0.3667203741533318,0.0549233411798125
17.989,0.3555479915991713,0.0579393843645159
18.197,0.34423799147546913,0.06108271594922905
18.408,0.3327361772622667,0.06437145771510124
18.621,0.3210972826872782,0.06779310056485516
18.836,0.3093217699575199,0.07135006631799114
19.055,0.2973002293729867,0.07507936896463586
19.275,0.2851976987705543,0.07893317908655369
19.498,0.27290473907050494,0.08294910612344311
19.724,0.26042163386642403,0.08713124768558765
19.953,0.24774872450977234,0.09148375951401608
20.184,0.23494189936366353,0.09599108525254085
20.417,0.22200189507172985,0.1006559495073963
20.654,0.20881813348139586,0.10552268238881052
20.893,0.1955024139076996,0.1105545424470166
21.135,0.18199974868184604,0.11577617036236214
21.38,0.16831078713273648,0.1211919677805376
21.627,0.15449221225324924,0.12678346548568728
21.878,0.14043288430832074,0.13260040121545777
22.131,0.12624562650870347,0.1386009111564573
22.387,0.11187530227665418,0.14481240715221308
22.646,0.09732280512835113,0.15123941775394006
22.909,0.08253281925051094,0.15791214111464397
23.174,0.06761881023312259,0.16478440264588615
23.442,0.05252560289141125,0.17188587123431714
23.714,0.03719791297959233,0.17924848734374574
23.988,0.02174957549755697,0.18682271195083883
24.266,0.00606901029587096,0.19466843635580652
24.547,-0.009786187870674331,0.20276291642464517
24.831,-0.025814750296635647,0.2111107594085464
25.119,-0.04207181982265354,0.21974684984435802
25.41,-0.05849960274540265,0.22864669377495525
25.704,-0.07509670040234734,0.23781488284679925
26.002,-0.09191812194855147,0.24728808546764092
26.303,-0.1089059303753706,0.2570399877046693
26.607,-0.12605860922060574,0.2670751360907286
26.915,-0.1434310029420647,0.2774319867953541
27.227,-0.16102145340388826,0.2881168968149065
27.542,-0.17877191046964164,0.2991010297411392
27.861,-0.19673700968699012,0.31042464131094566
28.184,-0.21491493984190221,0.32209403279625215
28.51,-0.23324762511723626,0.33407840245305614
28.84,-0.2517894635620708,0.3464198021782833
29.174,-0.27053850561293713,0.359124439765544
29.512,-0.2894927542966015,0.3721984866125899
29.854,-0.3086501670132933,0.3856480730426356
30.2,-0.3280086573370207,0.3994792836555737
30.549,-0.3475102552672364,0.41365720279677765
30.903,-0.36726455308682254,0.4282690556390031
31.261,-0.38721342897992306,0.4432804641635826
31.623,-0.4073546394565037,0.4586972842922388
31.989,-0.4276859063739988,0.474525303348863
32.359,-0.4482049187776818,0.49077023558962934
32.734,-0.46896464399123533,0.5074826138956682
33.113,-0.489907194028241,0.5246244212202097
33.497,-0.5110852549932808,0.5422473513261876
33.884,-0.5323860848392733,0.5602649974610051
34.277,-0.553972165258036,0.5788233089340382
34.674,-0.5757307971407474,0.5978350191904968
35.075,-0.5976594560657529,0.6173052022055473
35.481,-0.619810093736269,0.63728837306391
35.892,-0.642179754548943,0.6577913754451277
36.308,-0.6647654455770634,0.6788209306172011
36.728,-0.6875100556819039,0.7003320816104326
37.154,-0.7105188355014274,0.7224337184403928
37.584,-0.7336806797362708,0.7450283956620138
38.019,-0.7570465640031557,0.7681738327658084
38.459,-0.780613354687886,0.7918760467867206
38.905,-0.8044312179571362,0.8161957522289117
39.355,-0.8283901651488673,0.8410295839663513
39.811,-0.8525934751033799,0.8664934293415723
40.272,-0.876984598846867,0.892537767685778
40.738,-0.9015602962345347,0.9191677514776432
41.21,-0.9263697886670019,0.946446459942959
41.687,-0.9513569791302716,0.9743218314561761
42.17,-0.9765706973563495,1.0028578229934795
42.658,-1.0019551730271279,1.0320006580230199
43.152,-1.0275588405607707,1.0618151322706573
43.652,-1.0533778201804629,1.0923070400850317
44.157,-1.0793568687461657,1.123420006010429
44.668,-1.1055438168925718,1.1552200019913788
45.186,-1.1319856933897285,1.187775223006126
45.709,-1.158576476430947,1.2209647425927168
46.238,-1.1853633782080284,1.254855597757313
46.774,-1.212392781489389,1.2895169685230081
47.315,-1.2395598844085607,1.3248234457194665
47.863,-1.2669611706370454,1.3609091724610356
48.417,-1.2945423671708387,1.3977125008285352
48.978,-1.3223489839053184,1.4353037348615014
49.545,-1.350327179201655,1.473619413871976
50.119,-1.3785220220239411,1.5127303184259844
50.699,-1.4068801221377352,1.5525711794840589
51.286,-1.435446107626004,1.593213203394101
51.88,-1.4642153756169698,1.6346593634641942
52.481,-1.4931833275213193,1.6769122521364337
53.088,-1.522297525864932,1.7199029938706778
53.703,-1.551649318660285,1.7637750611138967
54.325,-1.5811860528573067,1.8084593104696889
54.954,-1.6109031721569562,1.853956766229873
55.59,-1.6407961367908626,1.9002680524500486
56.234,-1.670907058879713,1.9474669140675007
56.885,-1.7011843094251669,1.9954805625942746
57.544,-1.7316695418594183,2.0443828094746896
58.21,-1.7623116622232267,2.0940990764780283
58.884,-1.793151867948686,2.144703195871201
59.566,-1.8241849921014048,2.1961945486525907
60.256,-1.8554058907038895,2.2485720468957004
60.954,-1.8868094452352644,2.3018341353362115
61.66,-1.9183905650395192,2.3559787942025445
62.373,-1.9500998465521802,2.4109262957718305
63.096,-1.982065290903861,2.4669054470805514
63.826,-2.014148875278448,2.523681122097763
64.565,-2.0464335410869334,2.5814050183320187
65.313,-2.0789135755499384,2.640073831311086
66.069,-2.111540276137892,2.6996048636017997
66.834,-2.144351559641976,2.760072140557382
67.608,-2.1773418268651232,2.8214709407895016
68.391,-2.210505520032742,2.8837960861100003
69.183,-2.243837125051277,2.94704195887902
69.984,-2.277331173696498,3.0112025218681064
70.795,-2.3110236546616045,3.0763517834634433
71.614,-2.344826107775645,3.142322261557772
72.444,-2.3788566239591447,3.209348726575631
73.282,-2.4129865255286806,3.2771817071455653
74.131,-2.447332374590147,3.346056485824793
74.989,-2.481807285697079,3.4158032427677063
75.858,-2.516485700324284,3.4865766855866087
76.736,-2.551281944755538,3.558205835825271
77.625,-2.58626948114802,3.6308455561846493
78.524,-2.6214028017883324,3.704405883277972
79.433,-2.6566762323188673,3.7788782877986846
80.353,-2.6921225552074675,3.8543362840715543
81.283,-2.7276972863703475,3.930689461785139
82.224,-2.7634327920624098,4.008011612692581
83.176,-2.7993228418326987,4.086294690999199
84.14,-2.835398562201093,4.16561318022391
85.114,-2.871579022150956,4.245795014588277
86.099,-2.9078957740339155,4.326915377622733
87.096,-2.9443793411640335,4.409050121327851
88.105,-2.9810230409476253,4.492193405019881
89.125,-3.017784369006218,4.576257710225797
90.157,-3.054693261046954,4.661321232532026
91.201,-3.0917432815936237,4.747380810313989
92.257,-3.1289280808552977,4.834434479697547
93.325,-3.166241396132926,4.922481647705229
94.406,-3.2037115786137087,5.011605724774601
95.499,-3.241297469553788,5.101726989792663
96.605,-3.279027053595416,5.192932594687634
97.724,-3.3168936099371735,5.285229461408721
98.855,-3.3548570839925222,5.378544452657332
100.0,-3.392978081303693,5.473054683781036
101.16,-3.4312822403943133,5.568858010750688
102.33,-3.469598535777044,5.665559827098481
103.51,-3.5079231777408713,5.763181460542211
104.71,-3.5465732033343054,5.862576663113378
105.93,-3.58553691463266,5.963778176959059
107.15,-3.6241720707355536,6.065160785177559
108.39,-3.6631086529812413,6.168425210837859
109.65,-3.7023353317545165,6.273621110973554
110.92,-3.7415335883845353,6.379966736566673
112.2,-3.780700342156656,6.487517777920254
113.5,-3.8201346192812804,6.5971812176569635
114.82,-3.8598255982447527,6.709037089648368
116.14,-3.8991691198164338,6.821467066708229
117.49,-3.9390527563332975,6.937118259862941
118.85,-3.9788752096730016,7.054385909033124
120.23,-4.0189229370104025,7.1742440770389795
121.62,-4.058899490655004,7.295946119825012
123.03,-4.099086357951953,7.420501116155184
124.45,-4.139192519507606,7.547170385511786
125.89,-4.179494540177287,7.677003492313062
127.35,-4.219982829778885,7.810186360189497
128.82,-4.26037444522776,7.945991431778933
130.32,-4.301209641494446,8.086485275430999
131.83,-4.341934790074858,8.230030104630478
133.35,-4.382548443241184,8.376835309142235
134.9,-4.423576136649264,8.529104082810322
136.46,-4.464479758449023,8.685161529099261
138.04,-4.505516681424303,8.846290821988523
139.64,-4.546678490910549,9.012822488293775
141.25,-4.587703337566556,9.184033519727679
142.89,-4.629092740635448,9.362423750945378
144.54,-4.670333977050709,9.546210874607128
146.22,-4.711919147428838,9.738040837157868
147.91,-4.753345528465421,9.936068617663508
149.62,-4.794854345087683,10.141881587620214
151.36,-4.836677425198117,10.357217457778452
153.11,-4.87832685052783,10.580108042395175
154.88,-4.920037125421644,10.81230095538584
156.68,-4.962033514420933,11.05571860262267
158.49,-5.003842662543375,11.308228781513817
160.32,-5.0456924656632545,11.571754320986681
162.18,-5.087801750407389,11.848418015083165
164.06,-5.129934439097147,12.137439959173255
165.96,-5.172084449542925,12.439475419853084
167.88,-5.214245849217602,12.755196804546948
169.82,-5.256412853771092,13.085292583868167
171.79,-5.29879385599014,13.43225797130324
173.78,-5.341164937054203,13.795145157455718
175.79,-5.383520800286095,14.17469135557771
177.83,-5.4260637548902375,14.573635249124468
179.89,-5.468577014425896,14.990887944904975
181.97,-5.511055758687553,15.427225174607704
184.08,-5.553696334670395,15.885641640594159
186.21,-5.596288947307174,16.364874835885097
188.36,-5.638829238086622,16.865729763321685
190.55,-5.68170244789296,17.393924173488074
192.75,-5.724314096532585,17.943169893569483
194.98,-5.767047695171654,18.519291845635497
197.24,-5.809893353807778,19.123392402827896
199.53,-5.852841398609252,19.756591685049727
201.84,-5.895697852266259,20.41711961947521
204.17,-5.938459465797754,21.105836774111832
206.54,-5.981484220422233,21.82981605403123
208.93,-6.024400153873759,22.584122771661885
211.35,-6.067381117058857,23.372950884825585
213.8,-6.11041863974977,24.197505888738146
216.27,-6.153331682002916,25.055481396549844
218.78,-6.1964596551182725,25.95506107810539
221.31,-6.239451025973373,26.890327700668585
223.87,-6.282470883693394,27.86607542351253
226.46,-6.325511739907294,28.88358751838737
229.09,-6.36872971348897,29.94827369583502
231.74,-6.411789067396129,31.05335898744327
234.42,-6.4548481549001995,32.20416947820618
237.14,-6.498058235918571,33.406546540074345
239.88,-6.541095083340202,34.65302795592158
242.66,-6.584266544396659,35.95411346010104
245.47,-6.627408558823604,37.306742715716254
248.31,-6.670515214077295,38.71236053732531
251.19,-6.713729970609354,40.1775903475003
254.1,-6.756894663700895,41.699046220059394
257.04,-6.80000396142289,43.27824525133508
260.02,-6.843196810098974,44.922317566833236
263.03,-6.886320785695971,46.62753382375524
266.07,-6.929371111622491,48.39548735446517
269.15,-6.972482332638846,50.23384112455927
272.27,-7.015645138766634,52.144707057119646
275.42,-7.058714539575983,54.12387412552051
278.61,-7.101820829750832,56.17957288146692
281.84,-7.144955390159682,58.31402879759839
285.1,-7.187978646655242,60.52264975889797
288.4,-7.231016747376082,62.81426187218873
291.74,-7.274061738384936,65.19120781975843
295.12,-7.317105895562548,67.65587308251031
298.54,-7.3601417209827025,70.21068633373582
302.0,-7.403161940539185,72.8581198258876
305.49,-7.446037384586217,75.59276108014717
309.03,-7.489006911913147,78.43283896973554
312.61,-7.53194030496748,81.3732158354891
316.23,-7.574831150791021,84.41654175941271
319.89,-7.617673243426338,87.56551210972246
323.59,-7.660460580289106,90.82286783405529
327.34,-7.70330090552271,94.2005052152411
331.13,-7.746072307831812,97.69256410558077
334.97,-7.788880215386845,101.31146372727163
338.84,-7.8314964984374225,105.04129455058226
342.77,-7.874244540657018,108.914286153193
346.74,-7.9168980152677,112.91442862260217
350.75,-7.959452373365741,117.04481939832624
354.81,-8.002007408486898,121.31924663024976
358.92,-8.044555061703562,125.7416033358876
363.08,-8.087087521200724,130.3158528015496
367.28,-8.129496874130819,135.03467273198495
371.54,-8.17197773375027,139.92463492273484
375.84,-8.214323539977851,144.9669500541513
380.19,-8.256627741465254,150.17721057175288
384.59,-8.298883670717581,155.55972476442258
389.05,-8.341179122014852,161.1314970303246
393.55,-8.383318214351274,166.87199937210568
398.11,-8.425482256352113,172.8112804122257
402.72,-8.467571254227256,178.94132931823756
407.38,-8.509579660504466,185.2668327844039
412.1,-8.551590571479286,191.80654868555695
416.87,-8.593508158375169,198.55189077006233
421.7,-8.635413717812678,205.52235992208927
426.58,-8.677214127632954,212.70897025383218
431.52,-8.7189889156076,220.13198559385745
436.52,-8.760730547780282,227.79748788772613
441.57,-8.80234985581432,235.69586674565983
446.68,-8.843923789880856,243.8485757557866
451.86,-8.885525313958615,252.27843050508275
457.09,-8.926987218793494,260.9593744730833
462.38,-8.968383977469657,269.91411308921494
467.74,-9.009786200675311,279.16677610706347
473.15,-9.051033500470972,288.68964913336316
478.63,-9.0922727001594,298.52486026295543
484.17,-9.133421616336847,308.6620145300303
489.78,-9.174547848256596,319.127089847324
495.45,-9.215571639482473,329.90923348956915
501.19,-9.256559137746729,341.035391529685
506.99,-9.297432951142662,352.4942331128106
512.86,-9.338257800229973,364.3136968938606
518.8,-9.379026779497357,376.5026670290469
524.81,-9.419733226994833,389.07017255204585
530.88,-9.460304329158024,402.00388023139726
537.03,-9.50086757265711,415.35571986613934
543.25,-9.541349723405025,429.1140507442175
549.54,-9.581745057800038,443.28848696699924
555.9,-9.622048072983585,457.8887902344855
562.34,-9.66231559570015,472.9484705428921
568.85,-9.702478787257641,488.45486117367284
575.44,-9.742593277071807,504.44267142845666
582.1,-9.782592352006251,520.8986960650863
588.84,-9.822530464432488,537.858872600656
595.66,-9.862401034231244,555.3352906800682
602.56,-9.902197726083596,573.340231527084
609.54,-9.941914446576716,591.8861686322786
616.6,-9.98154533535648,610.9857684286414
623.73,-10.02102975839643,630.6241005876941
630.96,-10.060527322021038,650.8975903891717
638.26,-10.099867827257132,671.736115866226
645.65,-10.139154107526986,693.2102282168679
653.13,-10.178379250324953,715.3351391579577
660.69,-10.217485225576871,738.0959299541979
668.34,-10.25651840361677,761.5375915641431
676.08,-10.295472599387923,785.6760422932656
683.91,-10.334341871267517,810.5274456076177
691.83,-10.373120509864872,836.1082109592703
699.84,-10.411803039461692,862.4349945557248
707.95,-10.450431506848192,889.5584351003176
716.14,-10.488905625416365,917.4288036603855
724.44,-10.527360558442263,946.1665005543573
732.82,-10.565651759029004,975.686226976094
741.31,-10.603911002439906,1006.1125246377725
749.89,-10.64204212850269,1037.393775973576
758.58,-10.680128241475186,1069.6232701434844
767.36,-10.718076128619087,1102.7474993537598
776.25,-10.755966913829218,1136.8629020599215
785.24,-10.793751989402647,1171.953374084545
794.33,-10.831426484788675,1208.0405247145434
803.53,-10.869026328919606,1245.1869896749276
812.83,-10.906505356969966,1283.3756617142337
822.24,-10.94389880329158,1322.6712180646255
831.76,-10.981200988734846,1363.0986701829709
841.4,-11.01844483146045,1404.7269450055223
851.14,-11.055547844291524,1447.4954423529337
860.99,-11.092543943328346,1491.4731136217858
870.96,-11.129465122424321,1536.7322345221012
881.05,-11.166305264385475,1583.3019761006472
891.25,-11.203022757927082,1631.1646384665894
901.57,-11.239648726622056,1680.3960155391842
912.01,-11.276177755753682,1731.02657234474
922.57,-11.312604665554218,1783.087218801294
933.25,-11.348924495872566,1836.609310916505
944.06,-11.385165794393718,1891.6760083717859
954.99,-11.421289805632025,1948.2698928856873
966.05,-11.457324572597502,2006.47675582811
977.24,-11.493264620716229,2066.3323853377083
988.55,-11.529073269249585,2127.8182880115537
1000.0,-11.564808816512707,2191.080015965897
1011.6,-11.60049566588371,2256.21421235862
1023.3,-11.635976080865595,2322.9766682432837
1035.1,-11.671249593088827,2391.397512021538
1047.1,-11.706608380522816,2462.1010817986835
1059.3,-11.742039594660774,2535.1468101109726
1071.5,-11.776962441879995,2609.3687377626966
1083.9,-11.811949644449948,2686.015567646376
1096.5,-11.846989302983845,2765.149179358322
1109.2,-11.881797796051297,2846.1894235031637
1122.0,-11.916375789557009,2929.169646053868
1135.0,-11.950988328352322,3014.787285746587
1148.2,-11.985624757266235,3103.107879851485
1161.4,-12.01976133716195,3192.827988032821
1174.9,-12.054169500615886,3286.0380473965843
1188.5,-12.088329685600295,3381.4253761180257
1202.3,-12.122489121309892,3479.7442531545507
1216.2,-12.156396483304627,3580.335758085115
1230.3,-12.19029214782362,3683.977895436472
1244.5,-12.22393230262904,3789.9905752930517
1258.9,-12.25755065687103,3899.1761190920893
1273.5,-12.291139065530636,4011.6087067543817
1288.2,-12.32446465082909,4126.57558326425
1303.2,-12.357973258541762,4245.717368348957
1318.3,-12.391210759195145,4367.522980375711
1333.5,-12.42417979704897,4492.033635108862
1349.0,-12.457307353517406,4620.967200379333
1364.6,-12.490159331055938,4752.7406243236155
1380.4,-12.522944663446077,4888.261030878492
1396.4,-12.555657217217691,5027.6113223538805
1412.5,-12.588091157841479,5169.984586086689
1428.9,-12.62064373909171,5317.234641591482
1445.4,-12.652912503984703,5467.652011992871
1462.2,-12.685283422922673,5623.147650656039
1479.1,-12.717366119462987,5781.959184061343
1496.2,-12.749349908023486,5945.095014660484
1513.6,-12.781413110832895,6113.622080919111
1531.1,-12.813182834421257,6285.6958397885
1548.8,-12.844840565805843,6462.37116820704
1566.8,-12.876557233769331,6644.763845593507
1584.9,-12.907976687427988,6830.943643814931
1603.2,-12.939272879523022,7022.01370368227
1621.8,-12.970609638181207,7219.140451688929
1640.6,-13.001811547201289,7421.388209122934
1659.6,-13.032875694392393,7628.858847421339
1678.8,-13.06379930693434,7841.6555218433705
1698.2,-13.094579792446755,8059.882673556871
1717.9,-13.125369834770993,8284.796161008002
1737.8,-13.156007380283302,8515.387100408472
1757.9,-13.186490392480364,8751.764409418764
1778.3,-13.216965254348503,8995.240595201354
1798.9,-13.24727749258367,9244.760491099307
1819.7,-13.277425577467653,9500.437516446027
1840.8,-13.307549812287244,9763.642944192174
1862.1,-13.337502960109497,10033.27326519922
1883.6,-13.367283964269067,10309.446423173364
1905.5,-13.397162673288177,10594.90759035838
1927.5,-13.426725935613241,10885.89608885776
1949.8,-13.456241932369993,11185.180176604219
1972.4,-13.485704170132424,11492.942937457205
1995.3,-13.515106435159135,11809.3702790429
2018.4,-13.544317282467512,12133.238687996947
2041.7,-13.573336688373946,12464.677786976818
2065.4,-13.60240820430481,12806.725776808487
2089.3,-13.631281141501141,13156.69194187591
2113.5,-13.660073972543357,13516.207417104852
2138.0,-13.688781773838224,13885.47337813181
2162.7,-13.717285364130532,14263.153758483522
2187.8,-13.745811049992396,14652.513303611115
2213.1,-13.774127217889312,15050.658708509907
2238.7,-13.80234426388775,15459.341813889121
2264.6,-13.830458266685607,15878.777236289845
2290.9,-13.85857158576488,16310.837029495258
2317.4,-13.886466896476273,16752.456251875385
2344.2,-13.914248588652702,17205.48925862121
2371.4,-13.942014749116295,17671.889128272836
2398.8,-13.969558256432348,18148.455824704313
2426.6,-13.997077367157242,18638.900534983382
2454.7,-14.024468165034849,19141.73216384192
2483.1,-14.051728206747335,19657.189434952055
2511.9,-14.078948992246097,20187.367898976314
2541.0,-14.106031693092866,20730.71095174568
2570.4,-14.132974394495683,21287.467011386936
2600.2,-14.15986479282073,21859.821600783827
2630.3,-14.186608948976147,22446.149611435398
2660.7,-14.21320536242448,23046.70919853956
2691.5,-14.239738150371803,23663.77896587126
2722.7,-14.266202133227019,24297.70834348225
2754.2,-14.29250947722567,24946.776844288896
2786.1,-14.318740883982805,25613.360489357507
2818.4,-14.344891738341824,26297.822817531083
2851.0,-14.370878657014108,26998.368532254983
2884.0,-14.396778963467568,27717.474494859885
2917.4,-14.422588681461171,28455.518415013586
2951.2,-14.448304009374704,29212.883147128538
2985.4,-14.473921304480093,29989.95669847327
3020.0,-14.499437147441299,30787.13223683619
3054.9,-14.524776216903923,31602.455700600603
3090.3,-14.550080680754624,32441.002536294287
3126.1,-14.575274374756319,33300.861485176014
3162.3,-14.60035464300385,34182.446427901
3198.9,-14.625318836517398,35086.17644039532
3235.9,-14.65016452094715,36012.47580041862
3273.4,-14.674954980732727,36964.32973755584
3311.3,-14.699620480268857,37939.68798490444
3349.7,-14.724222616185097,38941.61883539493
3388.4,-14.74863140470066,39965.35070584063
3427.7,-14.773032983453112,41019.326939838495
3467.4,-14.797298662379495,42098.75276122924
3507.5,-14.821427124244913,43204.09279736368
3548.1,-14.84547587806292,44338.63042622374
3589.2,-14.86944101481248,45502.95672550637
3630.8,-14.893318877284756,46697.67084491157
3672.8,-14.917049879775123,47920.44875181748
3715.4,-14.940743601656973,49177.72801605501
3758.4,-14.964285775393888,50464.22830763025
3801.9,-14.987729273590938,51783.51088472835
3845.9,-15.011071282898454,53136.21386198893
3890.5,-15.03436093462877,54526.12101028325
3935.5,-15.05749124508126,55947.65446489127
3981.1,-15.080562600504734,57407.79574437721
4027.2,-15.103520988542131,58904.07959458154
4073.8,-15.126364310040204,60437.18645718039
4121.0,-15.14913848908369,62011.162142202884
4168.7,-15.171792381710008,63623.437377658964
4217.0,-15.19437060354787,65278.16775815666
4265.8,-15.216823854869773,66972.71246694449
4315.2,-15.239195702885489,68711.33922209548
4365.2,-15.26148272410674,70494.92453484423
4415.7,-15.283638093984477,72320.7168643335
4466.8,-15.30570377400072,74193.15746963606
4518.6,-15.327718936460643,76116.89477260858
4570.9,-15.349595824374264,78085.42331692312
4623.8,-15.371374670602904,80103.3652238734
4677.4,-15.39309324520978,82175.5573419818
4731.5,-15.414668132270972,84295.22498611112
4786.3,-15.436177047750954,86471.17407106758
4841.7,-15.4575776558391,88700.49495557795
4897.8,-15.478905869949445,90988.28687824996
4954.5,-15.50012095585321,93331.56041507317
5011.9,-15.521257920128514,95735.55111604695
5069.9,-15.54227743712744,98197.1871075136
5128.6,-15.563213734570066,100721.8430388995
5188.0,-15.58406368865446,103310.74921826944
5248.1,-15.60482470459112,105965.15194727003
5308.8,-15.625460261887637,108681.80832862688
5370.3,-15.646036014326603,111470.94706697555
5432.5,-15.666515362274032,114329.4166560072
5495.4,-15.686895968218577,117258.52754059588
5559.0,-15.707176004377462,120259.60624156984
5623.4,-15.727384390135217,123338.80825221671
5688.5,-15.747487401003834,126492.807017907
5754.4,-15.767513553921521,129727.92103213134
5821.0,-15.787430043706625,133040.73284561976
5888.4,-15.80726473920112,136437.72719013033
5956.6,-15.827014987209088,139920.53289484698
6025.6,-15.84667808301985,143490.79973928834
6095.4,-15.86625174102412,147150.19847609365
6166.0,-15.885733705997616,150900.4208496681
6237.3,-15.90509485774547,154737.76239192678
6309.6,-15.924414008421637,158680.20856726108
6382.6,-15.943608638754464,162713.26253927592
6456.5,-15.962729241095628,166849.75138877728
6531.3,-15.981773200110252,171091.69413673398
6606.9,-16.000712809372555,175435.3532043806
6683.4,-16.019571360057537,179888.43186080523
6760.8,-16.038346234316737,184453.02589274538
6839.1,-16.057035093611827,189131.2576762635
6918.3,-16.075635780995782,193925.2762021791
6998.4,-16.094146340692507,198837.2570986247
7079.5,-16.112587278115434,203875.65558275534
7161.4,-16.130911410450384,209030.27642634104
7244.4,-16.149183711380118,214322.38222879157
7328.2,-16.16733579551541,219735.2542402935
7413.1,-16.185430902267974,225290.71088859165
7498.9,-16.203424050777986,230978.2620785436
7585.8,-16.2213549891551,236813.79643188365
7673.6,-16.239180108441687,242786.54623791933
7762.5,-16.25693811666434,248912.81361991097
7852.4,-16.274607169079644,255188.5707006864
7943.3,-16.292185033119523,261616.58126075802
8035.3,-16.30968911554828,268206.8515921778
8128.3,-16.327098503835902,274955.1888889473
8222.4,-16.344430025145897,281871.85688926897
8317.6,-16.361681376955488,288960.04197081405
8414.0,-16.378868577318634,296230.5609101141
8511.4,-16.39595385695157,303671.5969452702
8609.9,-16.412953261791145,311293.9496824342
8709.6,-16.429881892650513,319108.85383632994
8810.5,-16.446737883922278,327120.0008514809
8912.5,-16.46350222883904,335323.0357829531
9015.7,-16.480189610020275,343729.62987011485
9120.1,-16.496798286955407,352343.61304003175
9225.7,-16.513326241445945,361168.8627369181
9332.5,-16.52977156950007,370209.3039611605
9440.6,-16.546147647187496,379477.53782723605
9549.9,-16.562437335690515,388969.1777437639
9660.5,-16.578654106373502,398697.1471945349
9772.4,-16.59479585452286,408665.9064017733
9885.5,-16.6108461172244,418870.8908528993
