1000.0 0.0779191396 -0.7 5.0 13.96423678 4 0 0 1 1e-14
1303 1289 657 562 66 0 16 16 34 31 31 4
0.861400028134 1122.40423666 460.78818623 380.949126156 117.178852711 0.0 0.0 3.85339434036 4.22655443104 91.8713226641 0.943855872649 61.4394293567 0.0214192875971 1.13073275311 0.000954187351762 0.000408669181646
0.879003088992 9.99979720175e-05 0.851002021557 9.9999420061e-05
[0.2393392925705998, -1.1048447409730449, 1.4566660739353205, 0.41269690802468523, -2.5124557810854991, 1.6014588844208537, 2.4290218962779049, -5.4656831135775272, 1.6812575891123662, 3.4689138972322109, -2.5733643828420805, 2.5943283658521064, -3.5380893325879432, 1.2425867325721145, -1.3610204927222138, 1.5562264110918749, 0.00061026700556955085, 0.73804414063789636, -0.65916250921009123, -0.66069482160008874, 0.45416471586534612]
[0.73793972090543436, -3.0522221904299887, 3.3489241457585637, 1.6972502532347815, -2.837626385498798, -3.1424237133382813, -3.3079848438269805, 12.806837773513774, 6.1970048744486679, -17.793283924390025, -0.14952263201386401, -3.7233193516922296, 10.573159653427593, 4.1436488912693026, 1.5665406496454093, -5.5465619464427727, -4.1916896378203372, -3.2465793019655393, 5.2615471343688114, 3.5541266141026426, -2.8957657832638688]
[-0.0057843867919894956, -0.0017156077503213073, -0.00017105036843285723, 0.0065081773960452985, 0.0012175394568908812, -0.0037639398890726757, -0.0073770775651426194, -0.0061299019120874629, -0.0026675390363443191, 0.00050637550353024646, -0.00307583608241462, 0.0, 0.0017335327125491493, -0.0089993602256593641, -0.0029980092605924337, -0.004441649224649161, -0.008588285351984852, -0.0011604259283477011, 0.0019780348441683685, -0.0031751120511317663, -0.0024800015897022401, -0.0039298519136145415, -0.0063983233759835455, -0.007859780233221831, -0.0062498175516247246, 0.004296346733448521, 0.0010412694989845334, -0.0034926711923559195, -0.0090754542391435714, -0.0023450158408569199, 0.00022487289680084798, -0.012709597669691994, -0.00089486770707766805, -0.02488986878894477]
[1.0016487599432098, 0.994136177227118, 0.99847382088423742, 0.99717831558809911, 0.99469616172749076, 1.0046773106482831, 1.0002313269500518, 0.99577580390581544, 0.99433704305753734, 1.0093336084316, 0.99659058944873102, 1.0066302475816513, 0.99353594901438347, 0.98648185842580605, 0.98566952694950127, 1.0067060388612481, 1.0011027086151487, 0.99356512907401606, 0.98864320872516243, 0.9863199461672475, 1.0052895192290834, 1.0018564661861595, 1.0080875678296286, 1.0000643234955042, 0.99064899046698784, 0.98343935409318362, 1.0124521753552673, 1.0049190584880046, 0.98867472941173562, 1.0017478896929375, 0.97839296869127224]
[1.0270957225351636, 0.98372381715300594, 1.0284400475634266, 1.0457420892202871, 1.0326706353714221, 1.0198959979794344, 1.0378097224171405, 1.0198960692480417, 1.0486155084215347, 1.0172207861302014, 1.0357210427320236, 1.0442365122153168, 1.0240460808865381, 1.0311839305485904, 1.021428437537073, 1.0855922194654548, 0.95390439865016097, 1.1096342196290263, 1.0247781171197083, 1.0895648612553679, 1.0020708185252738, 1.0034439914742643, 1.0232531450066649, 1.0042390759896058, 1.0024074256175657, 1.0202335935496878, 1.0074258774992442, 1.031607995894168, 1.0204738079717195, 1.0427620015140853, 1.0212768178755693]
[2.4719029121924387e-05, -1.8303857091130945e-05, -0.00037153795432993546, 0.00021537828627271784, 0.0020578565679682075, -0.0011383825576644086, -0.0049979919383787135, 0.0027694343751198391, 0.0043559213401832527, -0.0012747904778494629, 0.00045750515067340277, -0.0034041733710043769, -0.00028102328797058752, -0.00028508678284733951, 0.0021894190876762349, -5.3724874968865752e-06, -5.5394610940165567e-06, 7.5765966527801645e-05, -6.5887127502025012e-05, -0.00049790836109699403, 0.00085874551264416134, 0.00085401921557767954, -0.002430633448011399, 0.00031824436393723384, 0.0013659411081811447, -2.2886973205253362e-05, 0.00067621462706965484, -0.0019989002433033931, 0.00070584941449613114, -0.00027297358512609415, 0.00061877225002908084, -5.6851994216123127e-05]
[-1.830385698450038e-05, 0.00057895747019469314, 3.9763374812224442e-05, -0.0057868384610757946, 0.0021118495165219422, 0.021034754968839137, -0.013491160663015011, -0.02675930745904993, 0.019409562802610351, 0.0030257418948875553, 0.0095341796008594371, -0.0038535258077670082, -0.0047537230226615277, -0.0047618789885781852, 0.00053330659777949072, 6.3091336405393162e-09, -5.8620723673295474e-05, -0.00022584423599865991, 0.0017655863336883428, -0.00095022255097404755, -0.0093694044200627966, 0.014718020494512055, 0.0090498085774843601, -0.031262114204733862, 0.014537541415437432, 0.00054167079000891555, 0.0071566867956313635, -0.0032698884953626323, -0.0019265532601543205, -0.0032821035165368556, 9.875166759969302e-05, 0.0018435863384391302]
[-0.00037153795440679206, 3.9763380031597898e-05, 0.0077211222004688112, -0.0019278205791721241, -0.051740089493001358, 0.021800844175130743, 0.14058859515443778, -0.076485043732511984, -0.13030576024109583, 0.050874286981998057, -0.011129131880587104, 0.092319802242055424, 0.0026210174721005889, 0.0030895300704788307, -0.057907776143122439, 0.00013791217399040817, 0.00023115061804586748, -0.0012094913410004267, -0.001887916697567985, 0.015286195939553805, -0.0042758827216212904, -0.061674491764647801, 0.058894029129859429, 0.073593450195247267, -0.095514697759794404, -0.00072409692343014054, -0.039505966512403304, 0.073947160482922672, -0.005176946343453415, 0.017042071121647653, -0.023250897860853322, -0.01251857485182567]
[0.00021537828504785846, -0.0057868384670267774, -0.0019278205155970124, 0.065888449943949212, -0.016046123933064996, -0.27092729422926209, 0.16037834769306591, 0.40680185152922949, -0.29830164740351678, -0.11219435664255421, -0.062780341442465956, 0.053117042582711167, 0.114160858779442, 0.03922084423311524, -0.033721302844688182, -9.0987797642872957e-06, 0.00029670366453436199, 0.0032467826841294429, -0.015936699001954636, -0.0043219336057172446, 0.10233976624281269, -0.094072333920839898, -0.16357803780604988, 0.25934433590777817, -0.034939216271631733, -0.0063594992094569529, -0.049929962194265598, -0.074554491166369072, 0.048891636845016143, 0.037941158512979634, 0.032373535317480183, -0.020416808578077393]
[0.002057856568446289, 0.0021118494732086063, -0.051740089486959337, -0.016046123418801961, 0.40160561478550272, -0.048318830015113459, -1.253633303586329, 0.51889670110421104, 1.3510766379320045, -0.61934645694089618, 0.095772111367741164, -0.75974809916345598, 0.017702307383772924, 0.012901117388368978, 0.45211669135448895, -0.00095937980487376389, -0.0015132140362364948, 0.0051404633112300405, 0.023442212560792781, -0.10079464426737347, -0.043500421769971535, 0.51373211627068183, -0.31139716438231452, -0.75133670482353421, 0.75638893200520996, 0.011077330713104587, 0.32583677486887802, -0.45805415086180118, -0.054321803624352509, -0.15987946969857691, 0.14509480054753304, 0.14339006531466597]
[-0.0011383825500204342, 0.021034755027534335, 0.021800843795715459, -0.27092729450545666, -0.048318827098469304, 1.2970440170466009, -0.39107078180584404, -2.4924913402860782, 1.3349297994903604, 1.425348717264644, -0.32481154313899208, -0.058778018901679357, -0.92540519403726673, 0.0040261134791341859, 0.23599142783322663, 0.00023227772343391008, 9.414554849054053e-05, -0.014419466391195049, 0.043619724884822374, 0.075354621841626696, -0.36009453540404546, 0.045723856860369456, 0.84252773492649191, -0.54192354113131702, -0.40155222323640977, 0.022476357406090944, 0.03741223595030975, 0.69340758990821494, -0.2476400274992909, -0.11887325646556042, -0.24707167384570411, 0.045515969018704486]
[-0.0049979919414037521, -0.013491160536198423, 0.14058859518009784, 0.16037834617007096, -1.2536333037888363, -0.39107077363127896, 4.5412438937637161, -0.92260791524219499, -5.9654807255182423, 2.5168678698333831, 0.44740963352451452, 1.9993851990391898, 0.068328164849161863, -0.46598490261595599, -1.2726322529392895, 0.0020878917978872824, 0.0029140048937642935, -0.0044723825217916581, -0.080347624568972681, 0.21919869849841328, 0.30770167459517284, -1.4117175369646013, 0.38483555609262471, 2.3989633137729736, -1.8916235737445228, -0.046617834292278587, -0.91495763212611869, 0.74232595587692163, 0.45536970520247372, 0.53627183306404413, -0.23911488838811015, -0.52138377758950949]
[0.0027694343493778698, -0.026759307659799923, -0.076485042534943357, 0.40680185256081297, 0.5188966921701248, -2.4924913408059366, -0.92260789191087367, 6.850451332583912, -1.2362522059345542, -6.9610474769097541, 2.8597272019150495, -0.07827070026918713, 2.6074069153311208, -0.40227173786179488, -0.78278690376331894, -0.00049210585770878632, -0.0013342013082019676, 0.019369748153648707, -0.02134335690350218, -0.19340499912599651, 0.34654681171504947, 0.58542523282552539, -1.3826249849235852, -0.37733298964043388, 1.5990826748730778, -0.018053704629125634, 0.27214521871311864, -1.5011943722591605, 0.25661254926698041, 0.056461234712050272, 0.50658289410658552, 0.10176634172857499]
[0.0043559213585223945, 0.019409562682531776, -0.13030576074419756, -0.2983016455003667, 1.3510766410721657, 1.3349297889304828, -5.9654807314429235, -1.2362521809518001, 10.999918980066557, -2.2585732841876949, -5.777152618356066, 0.47772949244363672, -0.54540278885982685, 1.9700567309738892, 0.78013038838313886, 0.00041577303322963744, -0.00079274190295255606, -0.0035623555068364666, 0.069808895183446143, -0.1152012500351947, -0.38600235351992462, 1.0388097019531752, 0.16917812556715595, -2.0707585354365499, 1.1219818556568475, 0.055831000752306181, 0.74821465176366575, 0.11747016477539229, -0.76426307387977532, -0.57993791836115161, -0.018187400094883059, 0.58683980444880746]
[-0.001274790443870971, 0.0030257421502933313, 0.050874285387208722, -0.11219435784322136, -0.61934644463816069, 1.4253487151481383, 2.5168678377347651, -6.9610474626217806, -2.2585732593852192, 12.625211024687596, -3.4140314784313821, -4.751514705106576, -0.32661663546676989, 0.13270622827691461, 2.007891408387326, -0.003056389558969805, -0.00090116888403649455, 0.0048343786325272461, -0.022257677584784811, 0.023797664247372282, 0.14566355361093403, -0.40062968707243984, 0.022088845761769695, 0.87281133852824866, -0.75705318127401233, -0.010412367292017661, -0.13114817889181821, 0.18866382007591911, 0.21127993778618212, 0.019226787694680843, -0.063071375350813641, -0.17350236117251233]
[0.00045750511218680746, 0.0095341795857995723, -0.011129130654635626, -0.062780342475429615, 0.095772103246970094, -0.32481153444947158, 0.44740965086159351, 2.8597271824967314, -5.7771526266755364, -3.4140314758732195, 13.082914174578367, -4.540211114070595, -4.1172076193293412, -0.028457305463995934, 1.3734334298273809, -0.0028039736141209659, 0.00025918927104458706, -0.0098712867472419887, 0.044661285730104944, 0.0060275569959109317, -0.31160171130832559, 0.38298965272335633, 0.42049084325966762, -0.99948341257971463, 0.36281377668155923, 0.021322266686086166, 0.19324519846201638, 0.12885521980529241, -0.20478505740634409, -0.1252640107119502, -0.065501848288111605, 0.12127786147583958]
[-0.003404173368190037, -0.0038535258565092377, 0.092319802341256904, 0.053117043093240932, -0.75974810118527836, -0.058778018729825292, 1.9993852084096908, -0.078270712433669037, 0.47772948353217209, -4.7515146786187925, -4.5402111271338255, 14.814994126292387, -4.5379632972964039, -3.3515405004000169, -0.59433027877955336, 0.0050743764870400223, 0.00073005792162590775, -0.0022271884396730221, -0.044526634105177598, 0.13660826223859321, 0.18311578606123638, -0.93304203151426346, 0.29864551896025143, 1.6342880899868997, -1.348440375552149, -0.032507236022438754, -0.61988629783511562, 0.48286404821741008, 0.39043641603866153, 0.373862629451857, -0.16664148442326204, -0.41324121854757495]
[-0.00028102328193352322, -0.0047537229974912764, 0.0026210173199073669, 0.11416085837583674, 0.017702309127708152, -0.92540519267021237, 0.068328156772113458, 2.6074069170214158, -0.54540277564958861, -0.3266166450222211, -4.1172076215394453, -4.5379632961609566, 15.533388870576781, -5.0281745740964228, -3.9697521615238256, -0.0010599475164113719, 0.0007254427965094172, -0.0035197964003789279, 0.0041900278693997126, 0.011492323390413168, -0.041758303253617853, 0.06534326720460569, -0.014426170611509347, -0.1959324934481676, 0.28953436933534882, -0.0055210270866979721, -0.069210215761248056, -0.19810019683913843, 0.068068521922777334, 0.12616251732701733, 0.052808060545974179, -0.037171011120159324]
[-0.00028508678631094359, -0.0047618790606681043, 0.003089530357761622, 0.039220844721438525, 0.012901114777633414, 0.0040261132579920813, -0.46598489440672336, -0.40227174214587202, 1.9700567224947805, 0.13270623490098918, -0.028457305018477402, -3.3515404984825388, -5.0281745762885208, 14.508862472865552, -6.8342715191989249, 0.0096555465225435771, 7.3486738878569501e-05, 0.0039137490729941344, -0.023272805339423906, 0.0084193766209239174, 0.14833411741608288, -0.22966189853272165, -0.16238888210041572, 0.53054088663443866, -0.23242430156117952, -0.010856892307722762, -0.13754171655881817, 0.019023577879676568, 0.066094302412021744, 0.083032419581699171, 0.0088521208033080449, -0.054998166906784274]
[0.0021894190907783832, 0.00053330661696091865, -0.057907776415949061, -0.033721302594050671, 0.45211669355394857, 0.23599142409238547, -1.2726322578170004, -0.78278689039286653, 0.78013038674974722, 2.0078913945683414, 1.3734334402242445, -0.59433028130954602, -3.9697521608781359, -6.8342715190555605, 12.913730662933466, -0.013136855145815239, -0.00063848887368919574, 0.0047777256608025707, 0.017433767142245395, -0.097420268918771077, -0.033567516861768044, 0.52802772749272053, -0.31863732461803274, -0.82293354595013968, 0.7804248951353856, 0.017920176074853803, 0.39519050681900247, -0.33876090312519958, -0.22356035074212563, -0.25368716839670602, 0.12515605117660086, 0.26020895017787982]
[-5.3724875009422308e-06, 6.3091239281857958e-09, 0.00013791217437168172, -9.0987802311666114e-06, -0.00095937980861088648, 0.00023227773051061305, 0.0020878918086315035, -0.00049210588815108496, 0.00041577303346402504, -0.0030563895178462473, -0.0028039736412480989, 0.00507437649086071, -0.0010599475188300795, 0.0096555465188395868, -0.013136855141279404, 2.3757853610003841e-05, 3.8197101986811263e-06, -1.6251094697073822e-05, -5.9328634197218529e-05, 0.00030716286122722857, 7.0505700585424922e-05, -0.0015433755583085993, 0.0010698546688600249, 0.0022291273278852342, -0.0023542945225730936, -3.5549409707768385e-05, -0.0010499644130263937, 0.0014416974573200898, 0.00021508483181342607, 0.00055403414659128849, -0.00047300087862099758, -0.0005005246095925183]
[-5.5394611496674591e-06, -5.8620723081264526e-05, 0.00023115061995240593, 0.00029670365525642502, -0.0015132140520158111, 9.4145611888469866e-05, 0.0029140049323040577, -0.001334201510461139, -0.00079274187780517525, -0.00090116863641520714, 0.00025918912746891493, 0.00073005793041787132, 0.00072544278538029701, 7.3486685145912086e-05, -0.00063848882640294997, 3.8197101625156697e-06, 5.6066801183535092e-05, -9.7389680409599037e-05, -0.00074519287941815873, 0.0022706414152399521, 0.0019069010288797507, -0.011764919964953447, 0.0048054257664521738, 0.017794626826755183, -0.015050764140191684, -0.00034235637730401744, -0.0069154093009935131, 0.0053673388504143276, 0.0045465257741767262, 0.003930368619095714, -0.0020851405115673237, -0.0045079889009322863]
[7.5765966956037854e-05, -0.00022584423988408845, -0.0012094913520031047, 0.0032467827446036397, 0.0051404633814098356, -0.014419466784254532, -0.0044723825871191584, 0.019369749296219967, -0.0035623560509450793, 0.0048343774905992053, -0.0098712856255369491, -0.0022271887626202753, -0.0035197962898958269, 0.0039137491957764049, 0.0047777255098351533, -1.625109479230928e-05, -9.738968042355154e-05, 0.0012105819127205179, -0.0010179658760420937, -0.011057930352371868, 0.018608042341969087, 0.032450543216425543, -0.076111260650614049, -0.022037403778564335, 0.097383793970005322, -0.0014442146933796762, -0.0082250547755401415, -0.070336289697016066, 0.013803759174119639, 0.018624016250628969, 0.023720595087748639, -0.0001614045772716372]
[-6.5887126907217944e-05, 0.0017655863251160653, -0.0018879167236064674, -0.015936698873247522, 0.023442212813652004, 0.043619724013030291, -0.080347625397022324, -0.02134335399855266, 0.069808895684633984, -0.022257681646608674, 0.044661286953827949, -0.044526633528391896, 0.0041900279227628521, -0.023272804136803431, 0.017433766175316185, -5.9328632942935631e-05, -0.00074519287908856333, -0.0010179658735663588, 0.020252552762920106, -0.029068047512033891, -0.099024072556034196, 0.24495109399377171, 0.055490976591859392, -0.47804906624503135, 0.23064252907545099, 0.013728251101824686, 0.18332915094799537, 0.073618648835529682, -0.22696448428552526, -0.14198495418017679, -0.0029396888470514968, 0.15700504658388062]
[-0.00049790836889822591, -0.00095022246702882883, 0.015286196158176366, -0.0043219348895415571, -0.10079464578967491, 0.075354630102458478, 0.21919870078535905, -0.19340502347317501, -0.11520124192969103, 0.023797690788825081, 0.0060275370638483046, 0.13660826547810792, 0.011492321411684476, 0.0084193722794052173, -0.097420264312212373, 0.000307162859766809, 0.0022706414144123615, -0.011057930368105207, -0.029068047437924807, 0.20289356128970765, -0.044858306783048044, -1.0085005493740544, 1.0730226828720992, 1.4361365671213753, -2.3230713040467235, 0.0053097827619306981, 0.075775344850926699, 1.1213011702585829, 0.022547659156930928, -0.26237567908146442, -0.39268188302550533, -0.14682456582739628]
[0.0008587455182510244, -0.0093694044678357159, -0.0042758828170983932, 0.10233976701041811, -0.043500421634910101, -0.36009454006900599, 0.30770167779038543, 0.34654682300526857, -0.38600236825209805, 0.14566354776802642, -0.3116016937416301, 0.1831157781073289, -0.041758301027962921, 0.14833411407723532, -0.033567515883481308, 7.0505693405811871e-05, 0.0019069010260466949, 0.018608042350808325, -0.099024072626598389, -0.044858306397463445, 0.75235631800693603, -0.47398719359034364, -1.8799818279011642, 1.7337994595947537, 1.5108380219478303, -0.13305354075273718, -1.4932858994734624, -3.0889339063337462, 2.7370072887403634, 1.6217317133364575, 0.6543990464717464, -1.5042405981091846]
[0.00085401925552379486, 0.014718020029667092, -0.061674492906153261, -0.094072326913605814, 0.51373212439045901, 0.045723812369549859, -1.4117175504681496, 0.58542536348100482, 1.0388096648563137, -0.40062983270672059, 0.38298975067485408, -0.93304204208662356, 0.065343277685725745, -0.22966187123417778, 0.52802769946597305, -0.0015433755432444091, -0.011764919955777412, 0.032450543346154943, 0.24495109344188551, -1.0085005500107049, -0.47398718959358027, 6.0382084676338739, -4.4739118700301121, -10.180927630236948, 13.645354303126396, 0.070481567428944472, -2.2672162581114339, -1.6829959762769564, -3.0113058788052527, 1.5335946575529003, 1.233423723677521, 1.8205736644988149]
[-0.002430633507369398, 0.0090498092400309732, 0.058894030601519952, -0.16357804795297923, -0.31139717275141798, 0.8425277980608773, 0.38483555681768256, -1.3826251598770642, 0.16917821742843481, 0.02208901608008355, 0.42049068341707424, 0.29864555417169242, -0.014426189896931596, -0.16238889790698907, -0.31863729826900161, 0.0010698546769150523, 0.0048054257694131516, -0.076111260875270717, 0.055490977484161319, 1.0730226829806895, -1.8799818336542602, -4.4739118594350433, 11.061176441275942, 4.6535550700945887, -21.051731445312797, 0.46147277885452581, 10.70143609192791, 13.49870582399854, -9.7046721187396336, -9.0702734849988769, -2.8414803295807909, 5.3406200851923202]
[0.00031824430343603061, -0.031262113438241597, 0.073593451903128992, 0.25934432464142065, -0.75133671697946292, -0.54192347145291331, 2.3989633349003836, -0.3773331909184916, -2.0707584857559822, 0.87281156449337371, -0.99948354857782928, 1.6342880982929981, -0.19593251107283161, 0.5305408374838938, -0.82293349671953986, 0.0022291272938590725, 0.017794626798147303, -0.022037404056392811, -0.47804906489800975, 1.4361365685698892, 1.7337994492253901, -10.180927631210066, 4.6535551032294293, 20.436915939200968, -24.235673422804915, -0.47475097717997233, 11.695178410141295, -13.18288328959804, 13.803380827288006, -1.7317716879889951, -0.011350731929694416, -5.9126127836990472]
[0.0013659412496698144, 0.014537539643949935, -0.095514701243252412, -0.034939189888251461, 0.75638895172436582, -0.40155238268732157, -1.891623576787449, 1.5990831085378188, 1.1219816508194098, -0.75705361006130323, 0.36281412833999854, -1.3484404359183966, 0.28953442077117997, -0.23242424299973477, 0.78042481271970354, -0.0023542945103517399, -0.015050764114473153, 0.09738379476865569, 0.23064252564907975, -2.3230713064625101, 1.5108380478293308, 13.645354284835454, -21.051731497489261, -24.23567335415283, 61.40346573489137, -0.19478586459905939, -50.445602310093484, 4.1676610444139, 8.7689808586478843, 20.990084324128567, -0.89879739673061287, -8.1883404959458819]
[-2.2886973642358314e-05, 0.00054167078872965338, -0.00072409690186134171, -0.0063594992614854949, 0.011077330578162087, 0.022476358101893041, -0.046617834438203103, -0.018053707215432421, 0.055831003363157383, -0.010412364767764118, 0.021322262071691796, -0.032507234718064326, -0.0055210272229233217, -0.010856891392813721, 0.017920175846063539, -3.5549408338059127e-05, -0.00034235637359703312, -0.0014442146895526644, 0.013728251004555228, 0.0053097828647302543, -0.13305354017595636, 0.07048156661796301, 0.46147277749557014, -0.47475097581246406, -0.19478586170749476, 0.36959675749544896, -1.8312629463258396, 3.0727355505211809, 1.6927566385670381, -5.9719654666485651, 2.2711028899517154, 0.69051642460432405]
[0.00067621455249793289, 0.007156687978993514, -0.039505965267645042, -0.049929978768168383, 0.32583677332175587, 0.037412324683096757, -0.91495766990873717, 0.27214501686895853, 0.74821480775979043, -0.13114803002194025, 0.19324504542979187, -0.61988626186727203, -0.0692102600076486, -0.13754172989973473, 0.39519054789368513, -0.0010499644057412958, -0.0069154093482834836, -0.0082250556455187585, 0.18332915537312389, 0.075775346294804813, -1.49328593308428, -2.2672162275369918, 10.701436162590479, 11.695178305840138, -50.445602316314407, -1.8312629396821334, 93.190363904252337, -49.499956637337291, -28.510314677453781, 2.8599112972989564, 9.3543342242177943, 12.218229605660316]
[-0.001998900272850733, -0.003269888398807254, 0.073947161615841125, -0.074554494291552351, -0.45805415962980861, 0.69340762020876445, 0.74232596943970985, -1.5011944822767795, 0.11747022008912697, 0.18866394654729135, 0.12885507574981653, 0.48286407805994447, -0.19810019468218854, 0.019023587484809989, -0.33876090618434629, 0.0014416974858894598, 0.0053673389305213415, -0.070336289528741824, 0.073618646427377255, 1.1213011716950028, -3.0889338899827674, -1.6829959920000555, 13.498705777188302, -13.182883258454369, 4.1676611406723723, 3.0727355494604809, -49.499956815551286, 98.124526832252016, -44.621104543090169, -23.755219906288623, 1.4012594975746808, 12.44914724280499]
[0.00070584943768272636, -0.0019265535588943842, -0.0051769466671873323, 0.048891641458493493, -0.054321804828418904, -0.24764005298540229, 0.45536972841074896, 0.25661260299794647, -0.76426315020056346, 0.21127991524157821, -0.20478498863423319, 0.39043639502451977, 0.06806853399727307, 0.066094279048802829, -0.22356034291708113, 0.00021508479825741364, 0.0045465257506499615, 0.013803759453525822, -0.22696448497572103, 0.022547658266325373, 2.7370072948800104, -3.0113058884785255, -9.7046721205367863, 13.803380870663785, 8.7689807824490043, 1.6927566347441871, -28.510314537790645, -44.621104661049074, 115.39036046087497, -42.646330935602293, -22.405996959433622, -2.6706374225297167]
[-0.00027297355341544084, -0.0032821039019339782, 0.017042070264008304, 0.037941165012899472, -0.15987946546510354, -0.11887329883672879, 0.53627184023377872, 0.056461352912620437, -0.57993799890313424, 0.019226677405233369, -0.12526388877395167, 0.37386260257366138, 0.1261625335716704, 0.083032420333354409, -0.25368718617973396, 0.00055403413509786618, 0.0039303685816029004, 0.018624016451754672, -0.14198495402732522, -0.26237568143026241, 1.6217317149585451, 1.5335946644495408, -9.0702734917741541, -1.7317716884772427, 20.990084311190603, -5.9719654677097473, 2.8599113550434931, -23.755219950513229, -42.646330944364415, 112.76144055251974, -41.470279249333551, -24.574068173695814]
[0.00061877226070612126, 9.8751591177178774e-05, -0.023250898218165603, 0.032373536711074957, 0.14509480333906402, -0.24707168460472601, -0.23911489358125815, 0.50658293032914159, -0.018187413533590196, -0.063071417766370541, -0.065501807765251829, -0.16664149151465832, 0.05280805768523867, 0.0088521241379136365, 0.12515604904092106, -0.00047300088188661766, -0.0020851405181247515, 0.023720595040766578, -0.002939688552412409, -0.39268188290777117, 0.65439904403701499, 1.2334237247834292, -2.8414803218008782, -0.011350736142832113, -0.8987974092856591, 2.2711028901074521, 9.3543342421848763, 1.4012595058866226, -22.405996979657814, -41.47027925236366, 112.27462334524787, -49.323767172580943]
[-5.6852001684449269e-05, 0.0018435864696683063, -0.0125185747463149, -0.02041681084036838, 0.14339006642947674, 0.045515982397897017, -0.52138379213510799, 0.10176631208865816, 0.58683985135561278, -0.17350234807865705, 0.12127781789876615, -0.41324120622481086, -0.037171017527603947, -0.054998152895894901, 0.260208947735591, -0.00050052459170263027, -0.0045079888770163971, -0.00016140469550734321, 0.15700504657316053, -0.14682456481428924, -1.5042405995652137, 1.8205736643260559, 5.3406200868333347, -5.9126127951296601, -8.1883404684660217, 0.69051642646025513, 12.218229540365828, 12.449147298659103, -2.6706374193975577, -24.57406818161509, -49.323767178827239, 110.91251374669235]
[[0.94815488697822337, 0.051845113021776655, -0.0079220520357806672, 0.00042487734531318196, -8.0203778354773874e-06], [-1080.8965711555772, 1080.8965711555772, -161.9688606792723, 8.5156398263463551, -0.15752343593428733], [3062.5402849408088, -3062.5402849408088, 468.41177192460594, -25.127646174648081, 0.47409417959159306], [-2901.353954154456, 2901.353954154456, -451.75852077068026, 24.699875323350867, -0.47545764382361544], [918.76208548224611, -918.76208548224611, 145.32353157738234, -8.0882938523944539, 0.15889492054414514]]
1950 75.464391 2
[-1.0982032338622756, 1.4769174860169625, 0.3640286946010826, -2.828804693876416, 1.27901376963085, 2.9126342923333493, -3.291087366436818, 1.5064275459594334, -0.42783566010979085, -0.7096140065399018, 0.905378406676434, -0.9137596848940809, 0.8023156399542262, -0.512217820701548, 0.4471974075908638, -0.22756675663868264]
[-3.0377141069989544, 3.3415135200514703, 1.3493301609750168, -3.256068766983541, 0.6363594989026347, 1.5298004210105713, -0.1948553986279898, -2.6590655876082887, -1.9388063223529155, 1.9904746103152582, -0.1720501388892793, 2.6077650354431134, 0.38529772424674535, 1.0923077617894985, -0.5175275251748659, -0.6568333274741174]
[1, 2, 3, 4, 5, 6, 7, 8, 9, 10, 11, 12, 13, 14, 15, 16, 17, 18, 19, 20, 21, 22, 23, 24, 25, 26, 27, 28, 29, 30, 31]
[[3], [1, 3], [1, 4], [1, 5], [2, 4], [2, 5], [9], [7, 9], [6, 9], [8, 9], [13], [14], [11, 13], [10, 13], [10, 14], [10, 15], [12, 15], [18], [19], [16, 18], [16, 19], [16, 20], [17, 20], [25], [21, 25], [21, 26], [23, 26], [22, 26], [24, 26], [29, 30], [29], [27, 29], [27, 31], [28, 31]]
[[0, 0.18], [0, 0.315], [0, 0.45], [0, 0.585], [0, 0.72], [0, 0.855], [1, 0.18], [1, 0.315], [1, 0.45], [1, 0.585], [1, 0.72], [1, 0.855], [2, 0.18], [2, 0.315], [2, 0.45], [2, 0.585], [2, 0.72], [2, 0.855]]
[[1, 0.018], [2, 0.027], [3, 0.019], [4, 0.016], [5, 0.025], [6, 0.03], [7, 0.04], [8, 0.02], [9, 0.04], [10, 0.019], [11, 0.021], [12, 0.021], [13, 0.021], [14, 0.04], [15, 0.03], [16, 0.023], [17, 0.038], [18, 0.08], [19, 0.024], [20, 0.041], [21, 0.015], [22, 0.015], [23, 0.035], [24, 0.046], [25, 0.019], [26, 0.015], [27, 0.029], [28, 0.035], [29, 0.021], [30, 0.021], [31, 0.022]]
[1, 2, 3, 4, 5, 6, 7, 8, 9, 10, 11, 12, 13]
