1000.0 0.0779191396 -0.7 5.0 13.96423678 4 0 0 1 1e-14
1295 1285 657 562 66 0 16 16 34 31 31 0
0.865425871491 1120.72650358 460.816656976 380.858067375 116.501759833 0.0 0.0 3.94022814326 4.31854824297 92.0391897305 0.951865162868 61.2986797288 0.0 0.0 0.00149386062987 1.45284623743e-05
0.879003865049 9.99977206255e-05 0.850999618838 9.99997209644e-05
[0.23932006101563638, -1.1037024901530934, 1.4615191651999031, 0.38834811106271538, -2.601960712002453, 1.7486201654510927, 2.9352974616472598, -5.7366555501205525, 0.67082094576618978, 3.2949329444634521, -2.177538958067001, 3.4745807376291351, -2.8395062739300858, 1.3357565453815627, -1.9807483322445716, 0.53491215700698524, -0.57924782317147883, 0.7365815321561513, 0.30375697601880347, 0.44457535980245666, -0.54966202291450372]
[0.73792429388352931, -3.0527096709282886, 3.3484991504405244, 1.7129439314480552, -2.8473773980515222, -3.2640809733422151, -3.1528434874958413, 13.118621005693475, 5.5447951378610831, -17.820165584396932, 0.76426691903517263, -4.2579715891236756, 10.207177487139782, 3.6278573383955965, 2.8095307472805602, -4.9113974626665122, -5.275450899474027, -3.0594049886426546, 3.4606560105485187, 6.1363980395817634, -3.8272680071904688]
[-0.0058188412370200199, -0.0017289829815235315, -0.00017767230940981464, 0.006496833519862636, 0.0012145828530371386, -0.0037627853965252244, -0.007350891081986056, -0.0061022757256482592, -0.0027130985327754507, 0.0004711835202580779, -0.0030774718920567787, 0.0, 0.0017260388150952264, -0.0090310152495702463, -0.0029875015225763316, -0.0044059839438175246, -0.0085691347308374365, -0.0011629026834246827, 0.0019234198711384092, -0.0031601417228014918, -0.0024496437998891801, -0.0039143117046112775, -0.0063435592589783825, -0.00786910879630549, -0.006204530513929332, 0.0042708524368401668, 0.0010190540654301248, -0.0034668720405110925, -0.0090885976757564095, -0.0023613315666894544, 0.00025514703370744249, -0.012765655904067748, -0.00091246464599826604, -0.024958250456665342]
[1.0016784028043422, 0.99412923671075082, 0.99844151369159051, 0.99712710406787497, 0.99463480206378174, 1.0047106790891915, 1.0002291954477909, 0.99580288781124127, 0.99428215499598471, 1.0093271511572128, 0.99659386137570405, 1.0066321096314459, 0.99350664988637805, 0.9864295532534243, 0.98562044103221647, 1.0066653575848399, 1.0010093097798567, 0.99353037067714556, 0.98862437877383591, 0.98634536476552603, 1.0053101950987819, 1.0017965066430972, 1.0080882978513237, 1.0000300071850921, 0.99058766018553879, 0.98342525311517737, 1.0125435025188532, 1.0050522143568479, 0.98858548485976361, 1.0017338437136634, 0.97820077497430202]
[1.0270201120035398, 0.98367876409193, 1.0283886976889485, 1.045686680028614, 1.0327365283964476, 1.0198130818094566, 1.0377715465146122, 1.0198901901804969, 1.0485305100210212, 1.0171719268466888, 1.0357615171414958, 1.0441366355933617, 1.0239450154141516, 1.0312106372305621, 1.0215026741589308, 1.0853762924766222, 0.95374434406317576, 1.1098128017330007, 1.024829479910365, 1.089688435490163, 1.0020436323275423, 1.0034176187941295, 1.023206216014763, 1.0042136088283264, 1.002396299857969, 1.0201920849114237, 1.0072369226221916, 1.0315477687637202, 1.0204238553014233, 1.0427011858476376, 1.0212313300631546]
[2.7228680782617746e-05, -1.3146272665181307e-05, -0.00043314400984753799, 9.5115144374979284e-05, 0.0024878774341078537, -0.00034673486016957485, -0.0060182002454294671, 0.00089820539028504355, 0.0044598340142859754, -0.00016517783875381504, 0.0025198368886394529, -0.0021639754768439301, -0.00047900304410454535, -0.0021240116518004976, -0.00044756187473617544, -0.00016080445493624253, -6.6652272170552927e-06, 8.1217387744334597e-05, -4.6007729313105088e-05, -0.00059305770559018971, 0.00084907034449504734, 0.0012336407402342992, -0.0028857306150951332, 0.00039233895494835395, 0.0021390028322961527, -0.0017990002407120775, 0.0015769104979324797, -0.0013966344825714393, 0.00079135400495838697, -0.00061981121143508749, 0.00034847150530939913, -0.00022518374792827959]
[-1.3146272598400908e-05, 0.00074044534259669445, 0.00012312638752230004, -0.0078800488187549117, 4.5440000313581116e-05, 0.02956586000982955, -0.0035775007998482245, -0.036341729807197826, 0.0058096102438682891, -0.0030271856179738678, 0.010418202463426365, 0.0066058363257254591, 0.0046082049102252332, 0.0012894460707168552, -0.0022459761466039614, -0.0034032158318363873, -6.8427685865917297e-05, -0.00027402198259469766, 0.0020751913602474886, -0.00078716512310536687, -0.011235250217125623, 0.015376084712912427, 0.012128082054990202, -0.03326157037815744, 0.014939345208102472, -0.001109587138833814, 0.0072147128264359872, -0.0019654734218709342, -0.0034576263564343583, -0.0024930627579319901, 0.00021452530711676813, 0.0032836793456330073]
[-0.00043314400991058917, 0.00012312639063796275, 0.0095693801276622928, -0.0015261869135428916, -0.066909130922449309, 0.011719551247582826, 0.18411234386547806, -0.037492205060940177, -0.15347614391448383, 0.010810266953415431, -0.068169650140150445, 0.072634041949841785, 0.021894970797282053, 0.063868534539489236, 0.012616980749116475, -0.00034585475946765314, 0.00025023840396761653, -0.0014172045287418928, -0.0020581030612037473, 0.018052862898980806, -0.0062721546094331891, -0.070496406969772454, 0.074894316274684361, 0.064812409932991838, -0.11473137052075855, 0.054712125795214485, -0.065895673114436809, 0.053771306102712947, -0.013591338855829955, 0.026625765328724699, -0.012206256956205549, -0.00088432336275787811]
[9.5115143382117146e-05, -0.0078800488183235918, -0.0015261868716227723, 0.094566352012461483, -0.00098808990365421346, -0.39598808619388898, 0.064523722603368, 0.57297159472876591, -0.136614055405367, -0.066556634627566044, -0.12522080088579293, -0.10529644861989029, 0.006161910617694083, 0.012417284659537946, 0.067943553944828428, 0.037296331643479459, 0.00044596488391681461, 0.0038208411179338352, -0.020715578982241249, -0.0055529164653392782, 0.13464494137296745, -0.11277044111639165, -0.2349059961215082, 0.3349125604549929, -0.0067677047732028405, -0.070680058845826274, -0.023956217547147701, -0.068124247096983281, 0.056698780484219342, 0.0095403456918712621, 0.035859616564076664, -0.022839590593157974]
[0.0024878774354974579, 4.5439966074181505e-05, -0.066909130941462183, -0.00098808946161926467, 0.53936719030655211, -0.043027832141429308, -1.6873989042696229, 0.29496006861121149, 1.6612203704484816, -0.25106103453725226, 0.53748688669979816, -0.70051091781972574, -0.21944906660343028, -0.52108641061185512, -0.079900192666111008, 0.044108675366502724, -0.0015860644514492565, 0.006990528441429061, 0.022860208162510217, -0.12129317369964936, -0.023343144015087372, 0.57171033899042756, -0.40942534219935572, -0.69345124439476324, 0.83570169020248675, -0.3263143110262044, 0.48783708405155851, -0.31842643928678477, 0.059490494539215212, -0.19981789675228542, 0.036234394838556991, -0.0049132414852906285]
[-0.00034673485583116718, 0.029565860011674053, 0.011719551067092465, -0.39598808623563397, -0.043027830278639066, 1.8853218207140441, -0.18490706474402663, -3.4034502508009932, 0.75691852611836241, 1.4286876435307769, 0.21723584993094158, 0.71673236115439787, -0.56353492248270953, -0.18404557032674396, -0.55950202222644274, -0.087909714724796029, -0.00063708700782405775, -0.016190284636511242, 0.066421509641550594, 0.071397831930117547, -0.51919880864505419, 0.18237832304865614, 1.2212971070772098, -1.0421138454213525, -0.60092800287641757, 0.53679760190942583, -0.11890164517544609, 0.60154226383763199, -0.24030136403389943, 0.036750906253561595, -0.28955683445426139, -0.0028289967029224584]
[-0.0060182002535279612, -0.0035775006605652899, 0.18411234400077275, 0.06452372084831777, -1.6873989047947444, -0.18490705751590589, 6.0109176931214625, -0.55345392482084843, -7.2154630748519644, 1.3452488514130376, -0.74263987308774848, 2.1310830221630743, 0.98974596062124864, 1.1875896112732083, 0.14592021393615132, -0.38298131118220252, 0.002882188250562215, -0.010039074644209172, -0.073356309830113486, 0.2688355039705585, 0.24736995575218035, -1.5277682655968932, 0.52630997594280104, 2.2928226783517096, -1.8377249927847426, 0.50325958060549048, -1.1741629736991523, 0.43402177349366239, -0.028945551029902133, 0.49363869737494948, 0.1379905657799782, 0.091676542316075124]
[0.00089820538591233086, -0.036341729840806115, -0.037492204832877726, 0.57297159515186735, 0.29496006618830001, -3.4034502522380543, -0.55345391562281143, 8.6295088387990901, -0.84742734592038438, -7.5932503135839271, 1.3184230356971063, -1.3677522452294837, 2.4596199301789494, 0.78431702736945463, 1.3601653777071503, -0.14205226499906565, -0.00011287879855767513, 0.019067267601519628, -0.056015632527243432, -0.1537374727348558, 0.580740859409004, 0.2406926305251007, -1.9295844983531341, 0.60209779542332476, 1.9116780142314864, -0.90846702462423312, 0.41673233412112604, -1.3436467243003454, 0.14457495631510872, -0.15270776700631847, 0.67215056865869982, 0.32144516867331208]
[0.0044598340294665761, 0.0058096100417011813, -0.15347614416325464, -0.13661405289303236, 1.661220371429452, 0.75691851616628292, -7.2154630751481577, -0.84742733480950028, 12.434107359306113, -1.3996916123717966, -5.3415028938812377, -0.23704900880958238, -1.5504690283977522, 0.83232684529348799, 0.24999043362033246, 0.90226297955817081, -0.00025283091406900137, 0.00011870231956486984, 0.052956346456725804, -0.12342570983026471, -0.31817052144102675, 0.96710168347116465, 0.24829653462646495, -1.9178302240447327, 0.66082990291278765, 0.19022497149852999, 0.58154457837296702, 0.21458250240458884, -0.16968065979279875, -0.27999510120949284, -0.36164636905061087, -0.12863688716482038]
[-0.00016517784537746274, -0.00302718553751701, 0.010810267061622083, -0.066556635578574039, -0.25106103515408862, 1.4286876470937648, 1.3452488533493938, -7.5932503173850545, -1.3996916175471146, 13.711687899302019, -2.2228322920977135, -4.6349854102295955, -1.0236912484667153, -1.3929527262951338, 0.47798617508535374, 0.50244208907632082, -0.0010598164379091064, 0.0099779896215474295, -0.024024891991027638, -0.032336802446034499, 0.18313929700662171, -0.20579113391494475, -0.13079580023097262, 0.73529356038103133, -0.67183771757351651, -0.28067488763508236, 0.1401304488834284, 0.3142035677917312, 0.43712609560202115, -0.036085961728352864, -0.28741066958784867, -0.48472657786932322]
[0.0025198368850023857, 0.010418202486794904, -0.068169650146801888, -0.12522080121501905, 0.53748688753352014, 0.21723585077293345, -0.74263987807179954, 1.3184230377373545, -5.3415028861659968, -2.2228322985592222, 15.090123854941977, -3.6506033750539211, -4.6124107664637863, -2.0314758993589845, -1.251124360425901, 0.64850363226015095, -0.00062059888510279974, -0.0049981110605669642, 0.063289394590928583, -0.07192272105955573, -0.39725475964861701, 0.76705481569618061, 0.4890691785481695, -1.5833503529453745, 0.4066305921463686, -0.037400146400037741, 0.50750340398555172, 0.26893425868162418, -0.0028059739616920687, -0.19387352728897167, -0.34500070381235642, -0.20508183227389962]
[-0.0021639754718974827, 0.0066058363189425229, 0.07263404180168892, -0.10529644852694325, -0.70051091674629673, 0.71673236100855542, 2.1310830193463763, -1.3677522463886032, -0.23704900665298184, -4.6349854073181076, -3.6506033726293023, 16.008965359268394, -4.1084530495521658, -3.7657143087204785, -1.8355009284070687, -0.58071170662346083, -0.00024545038520142905, -0.0020827055050479711, -0.018566236611816406, 0.09642830627185095, 0.050207524768592998, -0.62748026948312985, 0.42017342524208784, 0.99368028132013464, -1.1454506553554726, 0.19040670131340032, -0.42585690123571807, 0.41023803074254989, 0.11840082959522073, 0.18497884502390993, -0.10302236351515412, -0.14403011216962489]
[-0.00047900304450727285, 0.0046082049631257522, 0.021894970780233364, 0.006161910025785514, -0.21944906618977159, -0.56353492043645048, 0.98974595790887587, 2.4596199295390431, -1.5504690220731276, -1.0236912554790933, -4.6124107701084052, -4.108453042469729, 16.394166321162544, -3.9791595556682475, -3.2280836581032051, -1.5349019699828017, 0.00038161874650834789, -0.0070842675291162326, 0.017490277704517315, 0.030895155576773317, -0.12111790805014282, 0.067946814325757818, 0.09065192168918712, -0.31413170697495418, 0.4027403004838373, 0.072670348185915196, -0.094110325233766112, -0.25263920680776247, -0.22255600583701687, 0.039685640966403382, 0.23257537937773123, 0.31466870745580183]
[-0.0021240116528713597, 0.0012894460961120262, 0.063868534604450106, 0.012417284303638622, -0.521086411306943, -0.1840455683728586, 1.1875896138996582, 0.78431702255206304, 0.83232684178834138, -1.3929527217789741, -2.0314758984277059, -3.7657143082568925, -3.9791595559343658, 17.256951827499048, -3.7746584286898681, -3.0764099622855019, 0.00054269091644427254, -0.0032845104262482386, -0.026948783972746321, 0.094150114921980083, 0.131774883815653, -0.56115207760327845, -0.011978520517463145, 0.86512073578234738, -0.34010174577496671, 0.28582231813847525, -0.53547926117403355, -0.16505362048835051, -0.21529759877382076, 0.19634164126702691, 0.32364900882056963, 0.35255945219624141]
[-0.00044756187671592731, -0.0022459761882995775, 0.012616980868142901, 0.067943554366923217, -0.079900193792461591, -0.55950202357700607, 0.14592021775366346, 1.3601653784080836, 0.24999042949720676, 0.47798617715172875, -1.2511243616680019, -1.8355009292810331, -3.2280836572200915, -3.7746584272032231, 17.291867623728809, -4.2011858500031662, 0.00057449368521436618, -0.0020827232968866527, -0.0059921665298882428, 0.013666968940674807, 0.053925214220587471, -0.020258929230951281, -0.27978787859799775, 0.014483084402950241, 0.53683072117821162, 0.049545334870759863, -0.12188446655111854, -0.43831604488444387, -0.23515433321550705, 0.031153031300576527, 0.34679734263797413, 0.38522440684444204]
[-0.00016080445392194388, -0.0034032158434426814, -0.00034585477853434467, 0.037296331801880557, 0.044108675449461503, -0.087909715477152164, -0.38298131112318817, -0.14205226369470567, 0.90226297874828776, 0.50244208901201648, 0.64850363304367098, -0.58071170808427663, -1.5349019697038193, -3.0764099617503975, -4.2011858500869277, 16.549778717847627, 0.00018914096262787956, 0.001979281839301726, -0.014172529263223859, 0.0016374838553056706, 0.096588711803597072, -0.095656928503980873, -0.17632299018359524, 0.22473441507013964, 0.035976234714957187, 0.04488607034565735, -0.078995363871787419, -0.10433329484588613, -0.047821955665345778, 0.017348537313533658, 0.089874251455877505, 0.083042141751112519]
[-6.665227223275519e-06, -6.8427685812521695e-05, 0.00025023840441870963, 0.00044596488311414711, -0.0015860644564689348, -0.00063708700321434941, 0.0028821882701849325, -0.00011287881000493625, -0.00025283094119316936, -0.0010598164303983397, -0.00062059888225207195, -0.00024545037273686679, 0.00038161875287178137, 0.00054269091544700777, 0.00057449366956276095, 0.00018914096204673974, 5.7474323676603477e-05, -9.3866758515152312e-05, -0.00078938245981742788, 0.0022590763368399965, 0.0022875575552183153, -0.011942849632031776, 0.0035546970074127704, 0.018914820429747414, -0.013817940665184165, -0.0020718523444705271, -0.0061861802531829073, 0.0053783945849479346, 0.0039564700529530214, 0.0035017894643084779, -0.001768600451197895, -0.0037642871373567478]
[8.121738752101905e-05, -0.0002740219823990208, -0.0014172045217825048, 0.003820841118325089, 0.0069905283717887684, -0.016190284642721028, -0.010039074356147126, 0.019067267581613524, 0.00011870183194323105, 0.0099779897578241156, -0.00499811083295884, -0.0020827056130935015, -0.0070842674908430346, -0.0032845104104708592, -0.0020827232632605647, 0.0019792818098419086, -9.3866758387206752e-05, 0.0013354489354163769, -0.0013851629372247604, -0.012711366682799949, 0.024207358261374486, 0.036913716878177065, -0.1019233874252775, -0.011631459136419286, 0.12883074689079782, -0.040067804335742488, 0.015041070657598443, -0.065303729509831557, -0.00143591131969382, -0.0033857287032517942, 0.031838322539819768, 0.018986974012796237]
[-4.6007728490972307e-05, 0.002075191356151319, -0.0020581030924276354, -0.020715578932476116, 0.02286020847836763, 0.066421509396294931, -0.073356311075251854, -0.056015631928668888, 0.052956348380345297, -0.024024892619105991, 0.063289393901559521, -0.018566236761556398, 0.0174902774757205, -0.02694878390977664, -0.0059921661220781759, -0.01417252918284599, -0.00078938245987809463, -0.0013851629302551022, 0.022555838929130531, -0.025320987712392995, -0.12821619942756476, 0.2508437855274242, 0.17877227694557343, -0.60702456603619681, 0.09408192245260863, 0.3015363285638169, 0.069181023228210653, 0.0067560869499881391, -0.19100914547154474, -0.077319488109113904, -0.009996284105688891, 0.11216049939586403]
[-0.00059305770323948024, -0.00078716511468649689, 0.018052862835477398, -0.0055529166074506486, -0.12129317310771309, 0.071397832679560999, 0.26883550154772007, -0.1537374739647844, -0.12342570556065548, -0.032336802963346269, -0.071922723403513994, 0.096428308156104606, 0.030895155480117027, 0.094150114467047796, 0.013666967439124897, 0.0016374841564243861, 0.0022590763331014462, -0.012711366689438213, -0.025320987565588021, 0.22735390517410209, -0.1124707030369529, -1.0927588110800914, 1.4069909907710334, 1.3831618616077763, -2.7557015057164911, 0.40269822353986923, -0.22176374358224077, 1.1049330718781312, 0.27334082613227534, 0.061918377970036138, -0.53767775437090914, -0.46033605729094462]
[0.00084907033299845287, -0.011235250190863426, -0.0062721542227081525, 0.13464494107835695, -0.023343147708860413, -0.51919880722046019, 0.24736996996978783, 0.58074085547325649, -0.31817054363036495, 0.18313930260213254, -0.397254750361003, 0.050207524294979544, -0.12111790667833816, 0.1317748835841254, 0.053925212986399948, 0.096588710838051373, 0.0022875575639845205, 0.024207358179804263, -0.12821619963516806, -0.11247070127650977, 1.1970512007142766, -0.54380015917008373, -3.916376700031341, 4.0000001214601859, 3.8419664665792292, -5.474268821062017, 0.57627340299346796, -1.6771972549590302, 2.2403114106239599, 0.49098907998374397, 0.65371993761663638, -0.89254540624040501]
[0.0012336407379938813, 0.015376084621873509, -0.070496406973935943, -0.11277043977020418, 0.57171033905952451, 0.18237831611675442, -1.5277682648445816, 0.240692643917581, 0.96710167924122103, -0.20579113774293747, 0.76705482049762186, -0.62748028059857219, 0.067946814282438997, -0.56115207410665402, -0.020258918847388601, -0.095656929463936502, -0.011942849616111455, 0.036913717010056024, 0.2508437847439583, -1.0927588127736143, -0.54380014773173568, 6.751500403009902, -4.2478780386655917, -13.01462939313573, 13.777584425977604, 4.8689959988970193, -3.0039833915057303, -3.8155764769065255, -4.4328632002828705, 0.68855214134576548, 2.4946638791439346, 3.603983873343751]
[-0.0028857305640040899, 0.012128082044996231, 0.074894314640654977, -0.23490599621954014, -0.40942532704251555, 1.2212971077174446, 0.52630991826435569, -1.929584495568343, 0.24829662534568431, -0.13079581539648577, 0.48906913783714451, 0.42017343401813462, 0.090651918612669982, -0.01197852218501093, -0.27978788428402318, -0.17632298596991883, 0.0035546969419969717, -0.1019233871332085, 0.17877227870552245, 1.4069909835189975, -3.9163767099254279, -4.2478779829389897, 20.680898815344932, -6.0193709704268787, -32.25336870280686, 26.214575384746162, 0.72331242903457171, 6.5431231336013251, -7.3429689579582078, -3.6003144117957526, -2.7672985427162864, 2.4603551231863006]
[0.00039233891869990814, -0.033261570097328094, 0.06481241123862122, 0.33491255637182121, -0.6934512559490088, -1.0421138242333556, 2.2928227173645808, 0.60209775173510915, -1.917830274447262, 0.73529358240077847, -1.5833503372917042, 0.99368030839290877, -0.31413170959686204, 0.8651207259774113, 0.014483062188985998, 0.22473441535694094, 0.01891482044435288, -0.011631459822903419, -0.6070245650766799, 1.3831618729352819, 4.0000000945145073, -13.014629438855845, -6.0193708020675434, 42.471775771228614, -13.272147019474822, -46.650155833220957, 25.298128927675126, 3.0490900225907227, 17.232658266346998, -4.4771744562787017, -5.2977487355439239, -10.299500724712408]
[0.0021390027649613643, 0.01493934498681254, -0.11473136837732537, -0.0067677013189499074, 0.83570167009269025, -0.60092802051887673, -1.8377249143437768, 1.9116780438764267, 0.66082977544510368, -0.67183771345515564, 0.40663065085926381, -1.1454506826257771, 0.402740307494036, -0.34010173635298058, 0.53683074521211316, 0.035976227566627342, -0.013817940529260254, 0.12883074678163708, 0.09408191789008323, -2.7557014979289813, 3.8419665058084651, 13.777584338230584, -32.253368811852276, -13.272146669133848, 74.866078054572512, -27.91644071972102, -39.304133492955671, 11.188663660609667, 5.1281200893343097, 14.348314201728822, -0.33275824837534196, -3.77774854752598]
[-0.0017990001574197244, -0.0011095873662394424, 0.054712123036666262, -0.07068005535888304, -0.32631428723827999, 0.53679758308978431, 0.50325949977677398, -0.90846698442259421, 0.19022508058915119, -0.28067490913011345, -0.037400186660409299, 0.19040667420120819, 0.072670356348400411, 0.28582232561627824, 0.049545344360406265, 0.04488607246809815, -0.0020718524626526392, -0.04006780329789085, 0.30153632998359786, 0.4026982034681591, -5.4742688073030683, 4.8689961107743418, 26.214575222315016, -46.650156032355049, -27.916440259072221, 101.21204681194628, -33.543204314321258, -31.421872834340888, -2.5193924026042578, 3.5331416101053952, 11.797000628477605, 6.322576811579423]
[0.0015769104833499178, 0.0072147131821308982, -0.065895672861290472, -0.023956222837288321, 0.4878370838739472, -0.1189016182572426, -1.1741629814792547, 0.41673228347691799, 0.58154460256535057, 0.14013046534235898, 0.50750339426296787, -0.42585687564964547, -0.094110340610747842, -0.53547927065035217, -0.12188447837377252, -0.078995361359995159, -0.0061861802957643404, 0.015041069994946078, 0.069181026654669062, -0.22176373821212367, 0.5762733599731501, -3.0039833792997674, 0.7233126108607818, 25.298128743072091, -39.304133733885678, -33.543203941715262, 105.02897860457094, -39.823021461063178, -29.678009537352469, -2.6557036606063398, 8.0159232835123078, 13.479754380469975]
[-0.0013966344661409599, -0.0019654734954609576, 0.053771305757393452, -0.068124246269090721, -0.31842643611081878, 0.60154226012362111, 0.43402175958074313, -1.3436467140938746, 0.21458253105950087, 0.31420354986215421, 0.26893423688850077, 0.41023804321709628, -0.25263920647592469, -0.16505361799436993, -0.43831604716130612, -0.10433329405694475, 0.0053783946180753764, -0.065303729314056966, 0.0067560856002640817, 1.10493307117263, -1.6771972418170027, -3.8155764865110009, 6.543123088536813, 3.0490900864847559, 11.188663699073908, -31.421872935647158, -39.823021430345328, 111.76521224205243, -41.306240987973204, -25.995770628631291, -3.135632496004185, 8.0556074142926359]
[0.00079135399308917227, -0.0034576263799765755, -0.013591338292397703, 0.056698780758931304, 0.059490488336873135, -0.24030136429356136, -0.028945524449882742, 0.14457495058044836, -0.1696807062343198, 0.43712611167054805, -0.002805951076652856, 0.1184008266566829, -0.22255600338333284, -0.21529760581169605, -0.23515434214593414, -0.047821953667050159, 0.0039564700740940739, -0.0014359114050728416, -0.19100914637108343, 0.27334083023763456, 2.2403114134063324, -4.432863232391715, -7.3429689364821362, 17.232658348507382, 5.128119979754258, -2.5193924492381718, -29.678009414259396, -41.306241016535473, 120.45643156938814, -39.533717079665614, -25.697192618549675, -8.287078134405867]
[-0.00061981123551179827, -0.0024930628495802732, 0.026625766093592695, 0.0095403469290717829, -0.1998179034878293, 0.03675090000917413, 0.4936387211444962, -0.15270775439642981, -0.27999513413759125, -0.036085970382335394, -0.19387351951188739, 0.18497884699314646, 0.039685645125553219, 0.19634164683719166, 0.031153038426747801, 0.017348533743010541, 0.0035017895113232745, -0.0033857289189523779, -0.077319489152236145, 0.061918383127054499, 0.4909890830488704, 0.68855210870805905, -3.6003143984827761, -4.4771743830334545, 14.348314146991138, 3.5331415601056482, -2.6557036402013834, -25.995770611385801, -39.533717047461984, 119.52446591713888, -43.807538980941438, -29.055545150641098]
[0.00034847150460287185, 0.00021452538942900187, -0.012206257065456916, 0.03585961569597379, 0.03623439579137315, -0.28955683105148794, 0.13799056382327482, 0.6721505622339119, -0.36164637113773634, -0.2874106604822122, -0.34500069513167231, -0.10302237304392949, 0.23257537855833302, 0.32364900838232674, 0.34679734431015607, 0.089874250439148165, -0.0017686004858490834, 0.031838322578510152, -0.0099962831802420903, -0.53767775715374033, 0.65371993422240626, 2.4946638991915449, -2.7672985505879688, -5.2977487788781676, -0.33275820732182104, 11.797000647678026, 8.0159232663922495, -3.1356325039452422, -25.69719263505684, -43.807538965225604, 115.84993799287106, -45.429704327239868]
[-0.0002251837364983317, 0.0032836793290903941, -0.00088432380106396073, -0.02283959029263756, -0.0049132373714964013, -0.0028289986187120118, 0.091676527243617162, 0.3214451739155435, -0.12863686504552191, -0.48472658227860099, -0.2050818407850547, -0.14403011708080005, 0.3146687073457497, 0.35255945488287666, 0.38522441092938836, 0.083042142185687798, -0.0037642871548141323, 0.018986974188666239, 0.11216049966464274, -0.46033606119246034, -0.89254540307362529, 3.6039838953633656, 2.4603550876402709, -10.299500760515174, -3.7777484528953944, 6.3225768043183974, 13.479754317197413, 8.0556074212551589, -8.287078127636951, -29.055545125960609, -45.429704334861256, 118.43434336358906]
[[0.94815488697822337, 0.051845113021776655, -0.0079220520357806672, 0.00042487734531318196, -8.0203778354773874e-06], [-1080.8965711555772, 1080.8965711555772, -161.9688606792723, 8.5156398263463551, -0.15752343593428733], [3062.5402849408088, -3062.5402849408088, 468.41177192460594, -25.127646174648081, 0.47409417959159306], [-2901.353954154456, 2901.353954154456, -451.75852077068026, 24.699875323350867, -0.47545764382361544], [918.76208548224611, -918.76208548224611, 145.32353157738234, -8.0882938523944539, 0.15889492054414514]]
7876 254.861546 2
[-1.0982032338622756, 1.4769174860169625, 0.3640286946010826, -2.828804693876416, 1.27901376963085, 2.9126342923333493, -3.291087366436818, 1.5064275459594334, -0.42783566010979085, -0.7096140065399018, 0.905378406676434, -0.9137596848940809, 0.8023156399542262, -0.512217820701548, 0.4471974075908638, -0.22756675663868264]
[-3.0377141069989544, 3.3415135200514703, 1.3493301609750168, -3.256068766983541, 0.6363594989026347, 1.5298004210105713, -0.1948553986279898, -2.6590655876082887, -1.9388063223529155, 1.9904746103152582, -0.1720501388892793, 2.6077650354431134, 0.38529772424674535, 1.0923077617894985, -0.5175275251748659, -0.6568333274741174]
[1, 2, 3, 4, 5, 6, 7, 8, 9, 10, 11, 12, 13, 14, 15, 16, 17, 18, 19, 20, 21, 22, 23, 24, 25, 26, 27, 28, 29, 30, 31]
[[3], [1, 3], [1, 4], [1, 5], [2, 4], [2, 5], [9], [7, 9], [6, 9], [8, 9], [13], [14], [11, 13], [10, 13], [10, 14], [10, 15], [12, 15], [18], [19], [16, 18], [16, 19], [16, 20], [17, 20], [25], [21, 25], [21, 26], [23, 26], [22, 26], [24, 26], [29, 30], [29], [27, 29], [27, 31], [28, 31]]
[[0, 0.18], [0, 0.315], [0, 0.45], [0, 0.585], [0, 0.72], [0, 0.855], [1, 0.18], [1, 0.315], [1, 0.45], [1, 0.585], [1, 0.72], [1, 0.855], [2, 0.18], [2, 0.315], [2, 0.45], [2, 0.585], [2, 0.72], [2, 0.855]]
[[1, 0.018], [2, 0.027], [3, 0.019], [4, 0.016], [5, 0.025], [6, 0.03], [7, 0.04], [8, 0.02], [9, 0.04], [10, 0.019], [11, 0.021], [12, 0.021], [13, 0.021], [14, 0.04], [15, 0.03], [16, 0.023], [17, 0.038], [18, 0.08], [19, 0.024], [20, 0.041], [21, 0.015], [22, 0.015], [23, 0.035], [24, 0.046], [25, 0.019], [26, 0.015], [27, 0.029], [28, 0.035], [29, 0.021], [30, 0.021], [31, 0.022]]
[1, 2, 3, 4, 5, 6, 7, 8, 9, 10, 11, 12, 13]
