1000.0 0.0779191396 -0.7 5.0 13.96423678 4 0 0 1 1e-14
1313 1299 657 569 69 0 8 8 34 31 32 4
0.902362426439276 1184.8018659147695 476.87592132897976 397.31574554291444 121.90935461920573 0.0 0.0 6.185500360032484 9.271976388816341 101.58390203754615 0.5896251305658016 70.99468074975132 0.01812556729630184 0.053683630295081844 0.00329751237240521 5.3046993701842165e-05
0.840905742397 9.99975688653e-05 0.850999271666 0.000100000001605
[0.2395770374098734, -1.1137400224157223, 1.4487634730149435, 0.528612033572092, -2.387557469339848, 0.8467555667170898, 2.290694898288979, -4.208238350304792, 2.1877346658667163, 4.389448208308394, -8.283823081409963, 5.2496287892733235, -1.1878557489810948]
[0.7390333820071615, -3.065665399776686, 3.4250244507594756, 1.7575850179578196, -3.788837693873796, -3.351143820331276, 2.2482176927774558, 13.45627988588317, -12.9136902289122, -13.800075908222325, 29.49401334765662, -18.14962620352594, 3.9488854776007116]
[-0.00523715822264544, 0.0005831110183259483, -5.1141389265746275e-05, 0.007298189169306073, 0.0009153968030050859, -0.00488381203069653, -0.008376544030611228, -0.007251168068895103, -0.0006504608741066696, 0.0016442686939637317, -0.003010030367393713, 0.0, 0.0020267584074861217, -0.008032968372001521, -0.003455306823197253, -0.005423744474008865, -0.008188493236812072, -0.0013215553169449677, 0.002587993893146311, -0.0034338343858787562, -0.003659626124502267, -0.004102550102863697, -0.007810356510188921, -0.0099464261085093, -0.007177689693538907, 0.004719018558783362, 0.0013173375303762924, -0.005321862737284806, -0.009586310393868959, -0.002842807028027975, -0.0012046316424358966, -0.01219945099107367, -0.0011179161455736981, -0.025335693785840465]
[0.998088618551719, 0.9911603857333006, 1.0042694897671807, 1.0060966764573718, 1.00378070798875, 1.0036422507357141, 1.0003730661083245, 0.9947497651084345, 1.0005929549514299, 1.0097648382826838, 0.9964536910065237, 1.0068721483856005, 0.9991721973509736, 0.9925033354255305, 0.9914340341830941, 1.0079714509794897, 1.0029946586704295, 0.9995081333087581, 0.994013927414976, 0.9902620939875905, 1.0052527779536198, 1.001434517438644, 1.0083982686194328, 0.9981210567394192, 0.99652287050834, 0.9883936384115626, 1.0135984952449437, 1.002242490285502, 0.9926726895696444, 1.0035892158694482, 0.983106248318283]
[1.0289604771215153, 0.9859401799802072, 1.03126223833988, 1.05043234119504, 1.0346402488552273, 1.0229973759488555, 1.040041652512744, 1.0225197119943126, 1.0524866076176367, 1.020819372442524, 1.0371564334098708, 1.0470850461855306, 1.026676543519211, 1.0324120632776077, 1.0245205821116479, 1.0887057544117233, 0.9546665357283195, 1.1063069742771112, 1.0270114097836573, 1.0901424517237606, 1.0078554583433657, 1.0084259661433743, 1.0295259946416522, 1.0091943001169856, 0.996592204233555, 1.004562391678171, 1.0220469397328062, 1.0109850150018016, 1.0377839579435035, 1.0258518562469972, 1.0459988495485846, 1.0252587775101887]
[1.739757494299219e-05, -3.808841218938726e-05, -0.00022081180729516747, 0.0004964323015746704, 0.0008832745592970855, -0.0024438521379368146, -0.0008425172188277656, 0.005257640093767595, -7.616215359194538e-07, 6.935204735857168e-05, -0.00016635602365488476, -0.000267047828680037, 0.0013120763266030093, -0.0007309147496762678, -0.0025520341688803102, 0.003974672751242682]
[-3.808841223732386e-05, 0.00047856408972783227, 0.00014679286540184982, -0.0045470113805872485, 0.0025089823986452486, 0.015701518631656662, -0.017590381845072074, -0.016119825445683418, -4.2683711476475375e-05, -0.00021232125108226768, 0.0013873700355289823, -0.0008131872372702537, -0.007014324192812182, 0.01306369333932567, 0.0029884787917977725, -0.02758790426895973]
[-0.00022081180730407224, 0.0001467928645680618, 0.004328171670280441, -0.00475430170190844, -0.024940164336686856, 0.03918762701121379, 0.047026601460715745, -0.11923979114521932, 0.00014924555813907315, -0.0008470493378996904, -0.0002774019140361331, 0.008413317064692762, -0.010409470696644394, -0.021557268086813207, 0.05514278349425753, -0.015599197926801261]
[0.0004964323021161188, -0.004547011380052425, -0.004754301711209774, 0.05048366607168864, -0.008471608166496307, -0.20214192095665923, 0.1705873053447683, 0.2618125043642551, 9.750149837433198e-05, 0.0031542381187581884, -0.012158693383466784, -0.005029461970316548, 0.08226509070098482, -0.0918774464027978, -0.11799261547164469, 0.2973283619025095]
[0.0008832745591137089, 0.00250898240314131, -0.024940164331847564, -0.008471608219883568, 0.19472975924264405, -0.12717951690520654, -0.5521823968470757, 0.7835527043853812, -0.0009301336455811434, 0.0015984009040540855, 0.014499670776848127, -0.046571960686685794, -0.02231702434488548, 0.23745345665852427, -0.2331008652144462, -0.21831099898097733]
[-0.0024438521402604077, 0.015701518626542173, 0.039187627049498935, -0.20214192092384622, -0.1271795171431249, 0.9788576584443837, -0.279713676458151, -1.8195476469942928, 0.0008814597754610949, -0.0140478889075169, 0.03116987017630641, 0.07301603782743774, -0.3082745694786434, 0.10394711493629685, 0.7636930604748894, -0.9926761083041808]
[-0.0008425172168327246, -0.017590381853719195, 0.04702660141981297, 0.17058730546822623, -0.5521823966695734, -0.27971367712623757, 2.202358691161963, -1.569311914494751, 0.000971331341910167, 0.0089102222677316, -0.06248567521919623, 0.051161905771281734, 0.33261310315205883, -0.7143450209731741, -0.06318377264185515, 1.4726556577826602]
[0.005257640097181062, -0.01611982542945536, -0.11923979119293339, 0.26181250421264834, 0.7835527047312315, -1.81954764651935, -1.569311915827054, 5.5640926875164345, -0.0023520156096158056, 0.01768422932154859, -0.003179636694547396, -0.1815550915117594, 0.2881075245081696, 0.44768440123152137, -1.4335533938983338, 0.5948579647129019]
[-7.616215434822874e-07, -4.2683711489404025e-05, 0.00014924555830276169, 9.750149840349496e-05, -0.0009301336468016113, 0.0008814597763240583, 0.0009713313454263568, -0.0023520156145977085, 5.1105472394182934e-05, -7.954478956723026e-05, -0.0005619242900989959, 0.0017186751672291349, 0.0008060129436149718, -0.00784654144448109, 0.00667754774783203, 0.007898093656536887]
[6.935204736572217e-05, -0.00021232125088243117, -0.0008470493380001264, 0.0031542381165689344, 0.0015984009055941427, -0.014047888898699056, 0.00891022225795736, 0.017684229309819423, -7.954478952808969e-05, 0.001101183712809549, -0.0017020412396473762, -0.0074136314279200114, 0.021965122268028443, 0.003610780095626311, -0.07123684187171346, 0.0674885059157008]
[-0.0001663560234559549, 0.0013873700349680495, -0.0002774019184683004, -0.012158693374023609, 0.01449967080540582, 0.031169870110080326, -0.06248567527497649, -0.003179636497052208, -0.0005619242902508163, -0.0017020412384784957, 0.01661419035737411, -0.016365045555519205, -0.08291181138806412, 0.180302870676743, 0.03337362576199038, -0.3889045196715922]
[-0.0002670478292542415, -0.0008131872378260445, 0.008413317077110192, -0.0050294619723499304, -0.04657196077718955, 0.0730160379094777, 0.05116190602074627, -0.1815550919119592, 0.0017186751671258022, -0.007413631430162057, -0.01636504554326395, 0.12384783926565818, -0.09437823811982343, -0.4679170042193402, 0.9589909077310027, -0.09464455924015168]
[0.0013120763260976815, -0.007014324188165435, -0.010409470685646684, 0.08226509063982212, -0.02231702439456254, -0.3082745691608045, 0.3326131031234415, 0.28810752382532, 0.0008060129448836497, 0.021965122262386075, -0.08291181140536882, -0.09437823802710844, 0.738148073560288, -0.4462355646549034, -2.003192626386861, 3.0390574204832026]
[-0.0007309147461729325, 0.013063693334660221, -0.021557268163342466, -0.091877446297883, 0.237453457173182, 0.10394711404482392, -0.7143450221425267, 0.44768440424444983, -0.007846541445677552, 0.0036107801129782726, 0.18030287064366898, -0.46791700433888134, -0.44623556423431177, 2.849244632115847, -2.4319778579470985, -3.08156364252828]
[-0.0025520341717353325, 0.0029884787839314893, 0.05514278356001666, -0.11799261542205314, -0.23310086575012678, 0.7636930606900334, -0.06318377094876837, -1.4335533959020588, 0.0066775477450240345, -0.07123684187160288, 0.0333736258540635, 0.958990907553857, -2.0031926268380413, -2.4319778565599246, 11.096694639037434, -7.1701449665343135]
[0.003974672747069325, -0.027587904250796578, -0.015599197840634375, 0.29732836163233384, -0.21831099945116875, -0.9926761067115213, 1.4726556583154338, 0.5948579607522986, 0.007898093662063985, 0.06748850587878691, -0.38890451970009915, -0.09464455879668003, 3.039057420074586, -3.0815636440162626, -7.170144963588543, 14.061454956181601]
[[0.343531045880931, 0.6564689541190689, -0.16958560805878747, 0.015946063591475945, -0.0005503438318799002], [-75.57683009382168, 75.57683009382168, -17.691166227071516, 1.4918660098757757, -0.04559102365310664], [204.05744125331952, -204.05744125331952, 53.266148813093345, -5.02803822666462, 0.1730957638633889], [-185.50676477574578, 185.50676477574578, -52.42377164826687, 5.38912566060422, -0.20281433078489972], [56.682622570366966, -56.682622570366966, 17.018374670303817, -1.8688995074068504, 0.07585993440649733]]
1379 31.365185 2
[-1.104291446108187, 1.4493576804583859, 0.4047399166864662, -2.3033049353671715, 1.5630796981459416, 0.7798273874433985, -3.9437754105342693, 5.279717101553199]
[-3.0570272801283513, 3.3848166859461246, 1.9554971137983816, -4.032515314923296, -4.36646128318927, 5.573144015965191, 11.233460693125025, -17.288430324478952]
[1, 2, 3, 4, 5, 6, 7, 8, 9, 10, 11, 12, 13, 14, 15, 16, 17, 18, 19, 20, 21, 22, 23, 24, 25, 26, 27, 28, 29, 30, 31]
[[3], [1, 3], [1, 4], [1, 5], [2, 4], [2, 5], [9], [7, 9], [6, 9], [8, 9], [13], [14], [11, 13], [10, 13], [10, 14], [10, 15], [12, 15], [18], [19], [16, 18], [16, 19], [16, 20], [17, 20], [25], [21, 25], [21, 26], [23, 26], [22, 26], [24, 26], [29, 30], [29], [27, 29], [27, 31], [28, 31]]
[[0, 0.18], [0, 0.315], [0, 0.45], [0, 0.585], [0, 0.72], [0, 0.855], [1, 0.18], [1, 0.315], [1, 0.45], [1, 0.585], [1, 0.72], [1, 0.855], [2, 0.18], [2, 0.315], [2, 0.45], [2, 0.585], [2, 0.72], [2, 0.855]]
[[1, 0.018], [2, 0.027], [3, 0.019], [4, 0.016], [5, 0.025], [6, 0.03], [7, 0.04], [8, 0.02], [9, 0.04], [10, 0.019], [11, 0.021], [12, 0.021], [13, 0.021], [14, 0.04], [15, 0.03], [16, 0.023], [17, 0.038], [18, 0.08], [19, 0.024], [20, 0.041], [21, 0.015], [22, 0.015], [23, 0.035], [24, 0.046], [25, 0.019], [26, 0.019], [27, 0.015], [28, 0.029], [29, 0.035], [30, 0.021], [31, 0.021], [32, 0.022]]
[1, 2, 3, 4, 5, 6, 7, 8, 9, 10, 11, 12, 13, 14]
