1000.0 0.0779191396 -0.7 5.0 13.96423678 4 0 0 1 1e-14
1313 1299 657 569 69 0 8 8 34 31 32 4
0.8914916242164284 1170.5285025961705 475.8651114092779 386.80826754654964 122.00424999441945 0.0 0.0 6.014965053643342 8.27650286853766 99.96329549125166 0.5928250129531731 70.95133381511425 0.01604044478233483 0.032620014492876305 0.00324179933131847 4.9145816445755104e-05
0.84090569368 9.99981439907e-05 0.850999298959 9.99993306411e-05
[0.2396465269626026, -1.1135416891952814, 1.4472373441362207, 0.528928253338093, -2.38041145323407, 0.8306010161254456, 2.295300504635347, -4.15336078622502, 2.0984289052032636, 4.379576174150743, -8.15527778912465, 5.142669387483306, -1.159796394256004]
[0.7390652817242529, -3.063120740412533, 3.428136461562211, 1.707693459329958, -3.779928147049369, -3.0290162244624947, 1.9278757315512065, 12.710417275598116, -11.562062951667338, -13.723957271836262, 27.919496450068294, -16.920732283368636, 3.64613295896271]
[-0.005232293003286288, 0.0005801188903628183, -2.2434894940588988e-05, 0.007279823090028923, 0.0009385800944922344, -0.004817335301616903, -0.008336648153035274, -0.007213917568264417, -0.0006792287456843065, 0.001686019663487569, -0.0030122837697091993, 0.0, 0.002020098037829088, -0.008063191051852483, -0.00345928175706435, -0.005420788808492633, -0.008341753868460797, -0.0013364563530131087, 0.0024946733820129323, -0.0034279479204257267, -0.003679780800900643, -0.004091735354813081, -0.007825908306377726, -0.009868372266007156, -0.0071754312506870244, 0.00471620891138405, 0.001310079307887208, -0.005094390996209987, -0.009454965165081828, -0.002843218992001757, -0.0009874253860403567, -0.012214825323567241, -0.0011271060841347548, -0.02493322403881316]
[0.998101617052109, 0.9912009509172657, 1.0042560076898128, 1.0060530907499916, 1.0037726521491357, 1.003677298192164, 1.0003726997306595, 0.9947971017155698, 1.0005548887765814, 1.0097963068140188, 0.9964543800487599, 1.0069099726071777, 0.9991324317789075, 0.99242707144432, 0.9913531953975261, 1.0079754094804982, 1.0029008124366614, 0.9994696899753298, 0.9939711806947035, 0.9902037737280439, 1.0052966664777458, 1.00143428981079, 1.0084412231078148, 0.9982987645946021, 0.9964210716315642, 0.9882994902514333, 1.0135460895616535, 1.0026397266219238, 0.992668492904209, 1.0035001890883646, 0.9830648354293059]
[1.0293906664611903, 0.9818847975715125, 1.031991668603988, 1.0504243070437982, 1.035825809461357, 1.020626222736586, 1.0414876848430834, 1.0229544195527425, 1.0525480262802258, 1.0208134666944844, 1.0387654169165077, 1.0457661064470032, 1.024346725233902, 1.034745251747866, 1.024561521668722, 1.0865232602828903, 0.9560242380368204, 1.0991822392033144, 1.0278008091903783, 1.093594087455544, 1.0078477661896457, 1.008418499515129, 1.0295082065031815, 1.009188786256829, 0.9957802345359692, 1.0039425111178204, 1.0227653759471118, 1.01124703924219, 1.0378037073193236, 1.025856857059823, 1.0461249035922773, 1.0253068950720539]
[1.7424811211482185e-05, -3.8631082578370144e-05, -0.00022031104702460816, 0.0005014515300135415, 0.0008767502092847262, -0.0024609905958046406, -0.0008168125236983979, 0.005281192175158569, -6.286097738532146e-07, 6.931332885068314e-05, -0.0001682201384256856, -0.0002579841578765605, 0.0012987103208888298, -0.0007652492646812268, -0.0024191721766378023, 0.003884383714316174]
[-3.8631082517765004e-05, 0.00048353821032728103, 0.00014292041669479295, -0.004565987605173456, 0.002544697515372356, 0.015670459237987575, -0.017579977794270642, -0.01602442172021108, -4.6051100327966844e-05, -0.00020023933170121533, 0.0014290094518013639, -0.0011536796305853182, -0.006547633928677734, 0.014295363165242634, -0.0010691320881703074, -0.025410350629615965]
[-0.00022031104700758776, 0.00014292041760895007, 0.004350210326127353, -0.004806998601667319, -0.025096644546646753, 0.03981082078300758, 0.04702705781426781, -0.1209555897928336, 0.00015705585798687146, -0.0008778100404238849, -0.0003796922844910656, 0.009203883741298777, -0.011341601845143342, -0.024525338780061044, 0.06379562234129746, -0.019464783562240635]
[0.0005014515292930544, -0.004565987605634299, -0.004806998591182563, 0.05055386252506655, -0.0080185889425814, -0.20240749085021673, 0.16855287813774894, 0.2642075555043417, 0.00011091312528928738, 0.00308958808049591, -0.012257495745869859, -0.00338500293347771, 0.07899758451448796, -0.09682559848035419, -0.09505374417457245, 0.2807583744822432]
[0.0008767502095678867, 0.002544697510210427, -0.025096644552359368, -0.008018588880869856, 0.19590297942102436, -0.13254287763724584, -0.5517355836971969, 0.7981754886813501, -0.0009945156700728714, 0.001853428845564783, 0.015271822872563049, -0.05325053285828881, -0.013131163341237179, 0.26133835512608655, -0.3115612433350301, -0.17649285299758743]
[-0.002460990592692322, 0.015670459242870836, 0.03981082073907346, -0.20240749088319532, -0.13254287736112072, 0.985512214853297, -0.26463038612536016, -1.8510250968138429, 0.0009204359809327979, -0.014083813190457714, 0.03026348193163308, 0.0750907411217647, -0.3046520235762049, 0.09014235779358898, 0.7669987033602983, -0.9675164496748686]
[-0.0008168125267811787, -0.017579977781933157, 0.04702705786352253, 0.16855287797112053, -0.5517355838972886, -0.2646303852699412, 2.1901008338377808, -1.6013753520027094, 0.0010918197084464623, 0.00830680243561084, -0.06346191507690478, 0.0656834659078726, 0.30570651932599474, -0.7593170038262806, 0.13011760675038694, 1.340095830331672]
[0.005281192171117018, -0.016024421739780758, -0.1209555897409471, 0.2642075557009401, 0.7981754882713814, -1.851025097478305, -1.6013753502474015, 5.680518951145814, -0.0025558046580667687, 0.01829316941714246, -0.00010023157652570006, -0.199633903990853, 0.3041631926746339, 0.5211529117452864, -1.6194258743652825, 0.6593122674400773]
[-6.286097630275931e-07, -4.6051100359990375e-05, 0.00015705585783456092, 0.00011091312578740054, -0.0009945156694754521, 0.0009204359783375538, 0.001091819708432768, -0.0025558046526852818, 5.360395296232565e-05, -8.731002259270995e-05, -0.0005961511799317873, 0.001935120292000338, 0.0005793664439370847, -0.008679711146098676, 0.009013950272608094, 0.006873815754368518]
[6.931332892226493e-05, -0.00020023933220256733, -0.0008778100425441725, 0.003089588088441916, 0.0018534288563847954, -0.014083813237053357, 0.008306802434280653, 0.01829316951991637, -8.731002283676097e-05, 0.0011267183101772555, -0.001569351046627373, -0.00812126853983017, 0.022314663977944748, 0.006769160704079526, -0.07723709659938398, 0.06770431352067947]
[-0.00016822013883695215, 0.0014290094542893858, -0.00037969227620243624, -0.012257495782572058, 0.015271822839350848, 0.030263482126073625, -0.0634619151118811, -0.00010023196107754664, -0.0005961511792718804, -0.0015693510519436426, 0.016977784214335885, -0.019594683078300628, -0.07807031301329832, 0.19107043990764852, -0.006020150456422884, -0.3644358886335014]
[-0.00025798415809710496, -0.001153679630350263, 0.00920388375581413, -0.003385002951211545, -0.053250532967517465, 0.0750907413130887, 0.06568346612864773, -0.19963390462554825, 0.0019351202939014158, -0.008121268529368304, -0.01959468314772849, 0.14404688565094761, -0.11280889865458209, -0.5498529067524621, 1.16484847803016, -0.16224887962336354]
[0.0012987103243829155, -0.006547633946412694, -0.011341601933433415, 0.07899758480521187, -0.013131162885610205, -0.3046520253095274, 0.3057065191089209, 0.30416319662353575, 0.0005793664358539007, 0.022314663998544967, -0.07807031289416203, -0.11280889915597092, 0.7367030693231369, -0.34868779510198744, -2.138403140184378, 2.98465400915941]
[-0.0007652492674043187, 0.014295363187145381, -0.024525338755044663, -0.09682559875436596, 0.2613383551944165, 0.09014235892430589, -0.7593170049004848, 0.5211529103725094, -0.008679711145951334, 0.006769160631576294, 0.1910704401001761, -0.5498529061873428, -0.3486877974574162, 3.155254400361779, -3.336073426921685, -2.6654268488538007]
[-0.0024191721865473893, -0.0010691320567820222, 0.0637956226505782, -0.09505374483858332, -0.31156124525939194, 0.766998708174268, 0.13011760953291218, -1.6194258874425262, 0.009013950302327314, -0.07723709657999718, -0.006020151148261847, 1.1648484791279237, -2.138403137082256, -3.3360734355593293, 13.070474839916626, -7.557339055843038]
[0.0038843837306728633, -0.025410350707631087, -0.019464783949538288, 0.2807583757526965, -0.17649285103951717, -0.967516457168318, 1.3400958294482057, 0.6593122843976298, 0.0068738157220199995, 0.0677043136461062, -0.36443588827741474, -0.16224888194017945, 2.984654010562713, -2.6654268395788594, -7.557339073186384, 13.618373778977595]
[[0.343531045880931, 0.6564689541190689, -0.16958560805878747, 0.015946063591475945, -0.0005503438318799002], [-75.57683009382168, 75.57683009382168, -17.691166227071516, 1.4918660098757757, -0.04559102365310664], [204.05744125331952, -204.05744125331952, 53.266148813093345, -5.02803822666462, 0.1730957638633889], [-185.50676477574578, 185.50676477574578, -52.42377164826687, 5.38912566060422, -0.20281433078489972], [56.682622570366966, -56.682622570366966, 17.018374670303817, -1.8688995074068504, 0.07585993440649733]]
810 14.37184 2
[-1.104291446108187, 1.4493576804583859, 0.4047399166864662, -2.3033049353671715, 1.5630796981459416, 0.7798273874433985, -3.9437754105342693, 5.279717101553199]
[-3.0570272801283513, 3.3848166859461246, 1.9554971137983816, -4.032515314923296, -4.36646128318927, 5.573144015965191, 11.233460693125025, -17.288430324478952]
[1, 2, 3, 4, 5, 6, 7, 8, 9, 10, 11, 12, 13, 14, 15, 16, 17, 18, 19, 20, 21, 22, 23, 24, 25, 26, 27, 28, 29, 30, 31]
[[3], [1, 3], [1, 4], [1, 5], [2, 4], [2, 5], [9], [7, 9], [6, 9], [8, 9], [13], [14], [11, 13], [10, 13], [10, 14], [10, 15], [12, 15], [18], [19], [16, 18], [16, 19], [16, 20], [17, 20], [25], [21, 25], [21, 26], [23, 26], [22, 26], [24, 26], [29, 30], [29], [27, 29], [27, 31], [28, 31]]
[[0, 0.18], [0, 0.315], [0, 0.45], [0, 0.585], [0, 0.72], [0, 0.855], [1, 0.18], [1, 0.315], [1, 0.45], [1, 0.585], [1, 0.72], [1, 0.855], [2, 0.18], [2, 0.315], [2, 0.45], [2, 0.585], [2, 0.72], [2, 0.855]]
[[1, 0.018], [2, 0.027], [3, 0.019], [4, 0.016], [5, 0.025], [6, 0.03], [7, 0.04], [8, 0.02], [9, 0.04], [10, 0.019], [11, 0.021], [12, 0.021], [13, 0.021], [14, 0.04], [15, 0.03], [16, 0.023], [17, 0.038], [18, 0.08], [19, 0.024], [20, 0.041], [21, 0.015], [22, 0.015], [23, 0.035], [24, 0.046], [25, 0.019], [26, 0.019], [27, 0.015], [28, 0.029], [29, 0.035], [30, 0.021], [31, 0.021], [32, 0.022]]
[1, 2, 3, 4, 5, 6, 7, 8, 9, 10, 11, 12, 13, 14]
