1000.0 0.0779191396 -0.7 5.0 13.96423678 4 0 0 1 1e-14
1305 1295 657 569 69 0 8 8 34 31 32 0
0.8958903270772854 1169.1368768358575 476.0799247790003 385.58839216614217 118.65263555316635 0.0 0.0 8.003296891229153 7.759746001967157 100.91651798799427 0.5978672005513703 71.53507687128939 0.0 0.0 0.003376642569156419 4.274194789399607e-05
0.840905810889 9.99982022364e-05 0.850999346227 9.99991200141e-05
[0.23981593480557117, -1.10955498462917, 1.447328324746952, 0.43939061308885174, -2.4358705685962727, 1.479871167707738, 2.690674328314298, -6.296771420113567, 1.3645494525292219, 8.038147133842529, -8.317221668823635, 2.4289964794856616, 0.030645207641747163]
[0.7389736865037575, -3.0643487537725744, 3.4368057602304756, 1.7133673511863652, -3.8702296296124667, -2.9482607628299946, 2.190777879000806, 12.168868352111739, -11.465441929146028, -13.016702812866988, 27.00174825108914, -16.429178714375723, 3.543621322481613]
[-0.005163403193669803, 0.0005895827402812934, -1.1293245399596799e-05, 0.007290100638857421, 0.0009549999258497198, -0.004815146164292257, -0.008292886625831565, -0.007164012496153574, -0.0006074314203886348, 0.0017997176933126297, -0.0030445457599882894, 0.0, 0.0019530269401867248, -0.008006407540106847, -0.0034162525773646863, -0.005397716498381332, -0.008210593765161436, -0.0012878135839158675, 0.0023134316691022366, -0.003451839510637568, -0.0036125270735469623, -0.004167812555893799, -0.0077917028903213, -0.009843633743192906, -0.007206886476136937, 0.004571547134789613, 0.0012441288305104997, -0.005166031611588555, -0.009564622711446, -0.002792904300242351, -0.0009485451411907545, -0.012525160733962237, -0.0011071002490865799, -0.02519896246142008]
[0.9980809272309233, 0.9912456622143038, 1.0042783876291268, 1.0060851231662098, 1.0038208236109338, 1.0035701806090183, 1.0003652464150496, 0.9948279215452989, 1.0006719164950317, 1.0097225115305304, 0.9964800825081571, 1.006754711695461, 0.9992417430367676, 0.992598007777056, 0.9915576760367423, 1.00797752973832, 1.0027059054485563, 0.9995623266923627, 0.9940628525360905, 0.9903570224929297, 1.0055504962758637, 1.0015357781447678, 1.0085740759853956, 0.9983551876201264, 0.9963229477051028, 0.9881494271686003, 1.0137188343515378, 1.0029915731830088, 0.9926381843137191, 1.0033175140095714, 0.9826777645341219]
[1.0298110926615343, 0.982161373319628, 1.032420235796459, 1.050450364905672, 1.0364948237691831, 1.0207121127858236, 1.0419845033186725, 1.0231885491320878, 1.0525851669339261, 1.0208459441064834, 1.0393637122810284, 1.0458404727007906, 1.0244144534149164, 1.035305979192857, 1.02466097881838, 1.0861256505735855, 0.9562135951455557, 1.1000836854304374, 1.0282422426363729, 1.0941882706498676, 1.0078692954778765, 1.0084399052343918, 1.0295647829572794, 1.0092069771462264, 0.996191674505759, 1.0043277250351812, 1.0231955488503421, 1.011387663500654, 1.0379216082336025, 1.0259344195729307, 1.0462316687716593, 1.0253282271672048]
[2.3375675725803876e-05, -3.884361458281572e-05, -0.00035346679694654975, 0.00041804407803379835, 0.0018482133453399973, -0.001835099868183585, -0.004056499548051434, 0.0040526036282781674, -1.6250889216348832e-06, 7.979047626491956e-05, -0.00018253400002981283, -0.0003286058862962535, 0.0015755745197229424, -0.0008882065224817431, -0.0034799008501879953, 0.005662144154103107]
[-3.884361428680516e-05, 0.0004990780346604132, 0.00014214662538452526, -0.004758624381263217, 0.002583579984079936, 0.01659761763295642, -0.01803840661874085, -0.018016548751108044, -4.7606234363666316e-05, -0.00020114191054001503, 0.0014743839841465144, -0.0012391023515016515, -0.006796180723879206, 0.015065078646707888, -0.0009157693746016814, -0.0274756342917714]
[-0.00035346679731511745, 0.000142146632487148, 0.00733748314564549, -0.002874550007827498, -0.04692298262176289, 0.02552869826570369, 0.1199195102330105, -0.0930305532245975, 0.00018199589764079514, -0.0011085872617222256, -0.00014241727531392307, 0.010835541250466001, -0.016845433166530532, -0.022739543110834145, 0.08564609787247629, -0.05492154030333506]
[0.0004180440743815205, -0.0047586243833682585, -0.0028745499172905396, 0.05420953688454308, -0.022534489020123505, -0.22332558783369244, 0.22120314475888653, 0.30758458228731345, 0.000144565474681537, 0.0029510107939976988, -0.012629896661562643, -0.0013185962676435744, 0.0783414846980488, -0.10484320382591189, -0.08267976257834156, 0.2826463733586894]
[0.0018482133509171955, 0.0025835799342035243, -0.04692298269411248, -0.02253448836254549, 0.35552679442553775, -0.02648675251100027, -1.0855324499982106, 0.5911585604667666, -0.001188826047356607, 0.003519176582197282, 0.013946840186225412, -0.06539909517725587, 0.023546442190766233, 0.25314160022073007, -0.46128288779486337, 0.060068484946861345]
[-0.0018350998532187797, 0.016597617663785938, 0.025528697867079356, -0.22332558810951042, -0.02648674939510115, 1.1111738198544594, -0.6391190015729606, -2.1107387339583727, 0.000730725062348604, -0.01298446283735175, 0.031192532878821497, 0.06229902374436995, -0.2878726109206362, 0.12186125901225647, 0.6566883326377282, -0.8927519907300228]
[-0.00405649957597582, -0.01803840648448543, 0.11991951074029816, 0.22120314289685047, -1.0855324521975835, -0.6391189918259103, 3.9825361484286232, -0.8662882799638112, 0.0017769608393959555, 0.002776015148582413, -0.06021085288758402, 0.10798311692015788, 0.19118977834956183, -0.7506264748930263, 0.6166663733278208, 0.6114701813045766]
[0.004052603612109215, -0.018016548885773635, -0.09303055267101115, 0.30758458384347204, 0.5911585552077501, -2.1107387391309107, -0.8662882598627247, 6.225104255266521, -0.0022196766532555185, 0.015961817901038095, -0.0005030859517897376, -0.1729522404167009, 0.2546331195156491, 0.4667834163551918, -1.3395623566725063, 0.42492716872528924]
[-1.6250889359344587e-06, -4.760623416063257e-05, 0.00018199589769132837, 0.00014456547210794614, -0.0011888260455483936, 0.0007307250734892851, 0.0017769608256580566, -0.002219676668109238, 5.4699465151415824e-05, -8.707844756652007e-05, -0.0006247186630985088, 0.0019543073324452373, 0.0008151897670687782, -0.00898511126537216, 0.008335390413806652, 0.008291237227853736]
[7.979047612168351e-05, -0.00020114191149691782, -0.0011085872567241444, 0.0029510108039831717, 0.0035191765374856764, -0.01298446286317395, 0.002776015306087192, 0.015961817866937303, -8.70784473527562e-05, 0.0011511403554099661, -0.0016696699303193948, -0.008264718296759498, 0.02360096001404667, 0.00583231420213808, -0.08187922138362207, 0.07569901127301297]
[-0.00018253399913766997, 0.0014743839831049801, -0.00014241729577926945, -0.012629896640198363, 0.013946840315932208, 0.031192532720699526, -0.060210853172503354, -0.0005030854834327698, -0.0006247186639518179, -0.0016696699252556442, 0.018082044433047298, -0.019518494805934965, -0.08890438638486868, 0.20223002034402232, 0.028685325149901596, -0.43011544896147036]
[-0.0003286058868879438, -0.001239102338942727, 0.010835541244570562, -0.0013185964210215674, -0.0653990950000796, 0.06229902436433167, 0.1079831159105109, -0.17295224108097063, 0.001954307332006093, -0.008264718309249424, -0.019518494747409524, 0.1456798472237572, -0.11739748935071098, -0.5512869727923078, 1.1882681333972163, -0.1897647199153274]
[0.001575574515224688, -0.006796180739409798, -0.01684543302765014, 0.078341484829688, 0.023546441067350515, -0.28787261098936834, 0.19118978187819446, 0.25463311769532343, 0.0008151897736671074, 0.02360096000372637, -0.08890438649434683, -0.11739748896371906, 0.8515484780759203, -0.4512368536080969, -2.5268517144800544, 3.6744456549784417]
[-0.0008882065133619531, 0.0150650786110458, -0.022739543277211487, -0.10484320331483239, 0.25314160097128957, 0.12186125633401211, -0.7506264752117275, 0.46678342175914395, -0.008985111272225704, 0.005832314276038188, 0.2022300202158039, -0.5512869733259169, -0.45123685176772077, 3.271824927180149, -3.027381223183824, -3.285167176952934]
[-0.003479900850500664, -0.0009157692680997307, 0.08564609768993496, -0.08267976379465901, -0.4612828853837393, 0.6566883369739144, 0.6166663626436686, -1.339562359154362, 0.008335390401405792, -0.08187922146499522, 0.02868532573164203, 1.1882681329051163, -2.5268517173840275, -3.0273812168431173, 14.436806038010129, -9.869655265258846]
[0.0056621441380581995, -0.027475634344650737, -0.05492153980450655, 0.2826463737716469, 0.06006848096819295, -0.892751990668025, 0.611470193511777, 0.4249271618195248, 0.00829123725471847, 0.07569901122372048, -0.43011544936654295, -0.1897647183572753, 3.674445654723036, -3.285167184007897, -9.869655253235166, 17.74082351021606]
[[0.343531045880931, 0.6564689541190689, -0.16958560805878747, 0.015946063591475945, -0.0005503438318799002], [-75.57683009382168, 75.57683009382168, -17.691166227071516, 1.4918660098757757, -0.04559102365310664], [204.05744125331952, -204.05744125331952, 53.266148813093345, -5.02803822666462, 0.1730957638633889], [-185.50676477574578, 185.50676477574578, -52.42377164826687, 5.38912566060422, -0.20281433078489972], [56.682622570366966, -56.682622570366966, 17.018374670303817, -1.8688995074068504, 0.07585993440649733]]
1265 22.380001 2
[-1.104291446108187, 1.4493576804583859, 0.4047399166864662, -2.3033049353671715, 1.5630796981459416, 0.7798273874433985, -3.9437754105342693, 5.279717101553199]
[-3.0570272801283513, 3.3848166859461246, 1.9554971137983816, -4.032515314923296, -4.36646128318927, 5.573144015965191, 11.233460693125025, -17.288430324478952]
[1, 2, 3, 4, 5, 6, 7, 8, 9, 10, 11, 12, 13, 14, 15, 16, 17, 18, 19, 20, 21, 22, 23, 24, 25, 26, 27, 28, 29, 30, 31]
[[3], [1, 3], [1, 4], [1, 5], [2, 4], [2, 5], [9], [7, 9], [6, 9], [8, 9], [13], [14], [11, 13], [10, 13], [10, 14], [10, 15], [12, 15], [18], [19], [16, 18], [16, 19], [16, 20], [17, 20], [25], [21, 25], [21, 26], [23, 26], [22, 26], [24, 26], [29, 30], [29], [27, 29], [27, 31], [28, 31]]
[[0, 0.18], [0, 0.315], [0, 0.45], [0, 0.585], [0, 0.72], [0, 0.855], [1, 0.18], [1, 0.315], [1, 0.45], [1, 0.585], [1, 0.72], [1, 0.855], [2, 0.18], [2, 0.315], [2, 0.45], [2, 0.585], [2, 0.72], [2, 0.855]]
[[1, 0.018], [2, 0.027], [3, 0.019], [4, 0.016], [5, 0.025], [6, 0.03], [7, 0.04], [8, 0.02], [9, 0.04], [10, 0.019], [11, 0.021], [12, 0.021], [13, 0.021], [14, 0.04], [15, 0.03], [16, 0.023], [17, 0.038], [18, 0.08], [19, 0.024], [20, 0.041], [21, 0.015], [22, 0.015], [23, 0.035], [24, 0.046], [25, 0.019], [26, 0.019], [27, 0.015], [28, 0.029], [29, 0.035], [30, 0.021], [31, 0.021], [32, 0.022]]
[1, 2, 3, 4, 5, 6, 7, 8, 9, 10, 11, 12, 13, 14]
